32
256
0 30 29 28 26 25 24 23 21 20 19 18 17 15 14 13 11 10 9 7 5 4 3 2 0 -1 255
0 31 30 28 26 25 24 23 21 20 19 18 17 15 14 13 10 9 8 7 5 4 3 1 0 -1 253
0 31 29 28 27 25 24 23 22 20 19 17 16 15 14 13 11 9 8 6 5 4 2 1 0 -1 251
0 31 30 29 26 25 24 22 21 20 18 17 16 15 14 13 10 9 8 7 6 4 3 1 0 -1 249
0 31 30 29 27 25 24 22 21 20 19 17 16 15 14 13 11 10 9 7 6 5 2 1 0 -1 247
0 30 29 28 27 25 24 22 21 20 19 18 16 15 14 12 11 10 8 7 5 4 3 1 0 -1 245
0 31 30 29 26 25 24 23 22 21 18 17 16 15 14 13 11 9 8 7 6 4 2 1 0 -1 243
0 31 30 28 26 25 24 23 21 20 19 18 17 15 14 13 11 10 9 7 6 4 3 2 1 -1 241
0 31 29 28 27 26 25 23 22 21 19 17 16 15 14 13 11 9 8 7 6 5 2 1 0 -1 239
0 31 29 28 26 25 24 23 22 20 19 18 16 15 14 12 10 9 8 7 6 4 3 1 0 -1 237
0 31 29 28 27 25 24 23 21 20 18 17 16 15 14 12 11 10 8 7 6 5 3 2 1 -1 235
0 30 29 28 27 25 24 23 22 21 19 17 16 15 13 12 11 10 9 6 5 4 3 2 0 -1 233
0 31 29 28 26 25 24 23 22 21 19 18 17 15 14 13 11 10 9 7 6 5 2 1 0 -1 231
0 31 30 29 26 25 24 23 21 20 19 18 17 15 14 12 10 9 8 7 6 4 3 1 0 -1 229
0 31 30 28 26 25 24 23 22 20 19 18 16 15 14 13 11 10 8 7 6 5 3 2 0 -1 227
0 31 29 28 27 25 24 23 22 20 19 18 17 15 14 13 11 10 8 7 5 4 3 1 0 -1 225
0 30 29 28 26 25 24 22 21 20 19 18 17 15 13 12 10 9 8 7 5 4 3 2 1 -1 223
0 31 30 29 27 25 24 22 21 20 18 17 16 15 13 12 11 10 8 7 6 5 3 1 0 -1 221
0 31 30 29 26 25 24 23 21 20 19 17 16 15 13 12 11 10 8 7 6 5 3 2 1 -1 219
0 30 29 28 26 25 24 22 21 20 19 17 16 15 14 13 11 10 8 6 5 4 3 1 0 -1 217
0 31 29 28 27 26 25 23 21 20 19 18 17 14 13 12 11 10 8 7 6 5 3 2 1 -1 215
0 31 29 28 27 26 25 22 21 20 19 18 17 14 13 12 11 10 9 6 5 4 3 2 0 -1 213
0 31 29 28 26 25 24 22 21 20 19 18 17 15 14 12 11 10 8 7 5 4 2 1 0 -1 211
0 30 29 28 27 25 24 23 22 20 19 18 16 14 13 12 11 10 8 6 5 4 3 1 0 -1 209
0 31 30 28 27 26 25 22 21 20 18 17 16 15 14 12 11 9 8 7 5 4 3 2 1 -1 207
0 31 30 28 27 26 24 23 22 20 18 17 16 15 14 12 11 9 8 7 5 4 3 1 0 -1 205
0 31 30 29 27 25 24 22 21 20 19 18 16 14 13 12 11 10 8 6 5 4 3 2 1 -1 203
0 31 30 29 27 26 24 23 21 20 19 18 17 15 14 13 11 9 8 7 5 4 3 2 0 -1 201
0 31 30 28 27 25 24 22 21 20 18 17 16 15 14 13 11 10 8 6 5 4 3 2 0 -1 199
0 31 30 28 26 25 24 23 21 20 19 18 17 14 13 12 11 9 8 7 5 4 3 2 1 -1 197
0 30 29 28 27 26 25 23 22 21 18 17 16 15 14 12 10 9 8 7 6 5 2 1 0 -1 195
0 31 30 29 27 25 24 23 22 21 19 17 16 15 13 12 11 10 9 7 6 5 3 2 1 -1 193
0 30 29 28 27 26 25 23 22 20 19 17 16 15 13 12 11 10 9 7 6 4 3 2 1 -1 191
0 31 30 29 27 26 24 22 21 20 19 18 16 15 13 12 11 10 9 7 5 4 3 2 1 -1 189
0 31 30 29 27 26 25 22 21 20 18 17 16 15 14 12 10 9 8 6 5 4 2 1 0 -1 187
0 31 30 28 27 26 24 23 22 20 19 18 16 15 14 13 11 10 9 7 5 4 2 1 0 -1 185
0 31 29 28 27 25 24 23 22 21 19 18 16 15 13 12 11 10 9 7 6 5 3 2 1 -1 183
0 31 29 28 26 25 24 23 22 21 19 18 17 15 13 12 10 9 8 7 5 4 3 2 1 -1 181
0 31 29 28 26 25 24 23 22 20 19 18 17 15 14 12 11 9 8 7 6 5 2 1 0 -1 179
0 31 30 28 27 25 24 23 22 21 19 18 17 15 14 13 10 9 8 7 6 4 2 1 0 -1 177
0 31 30 28 27 26 24 23 22 21 19 17 16 15 14 12 11 10 9 7 6 5 3 2 1 -1 175
0 31 30 28 27 26 25 23 22 20 18 17 16 15 13 12 10 9 8 6 5 4 3 1 0 -1 173
0 31 30 28 26 25 24 23 22 20 19 18 17 14 13 12 10 9 8 7 5 4 3 1 0 -1 171
0 31 30 29 27 26 24 23 22 20 19 18 16 15 13 12 11 9 8 7 6 5 3 1 0 -1 169
0 31 30 28 27 26 25 23 22 21 19 17 16 15 14 13 10 9 8 6 5 4 3 2 1 -1 167
0 31 29 28 27 26 25 23 22 21 18 17 16 15 14 13 11 10 8 7 6 4 2 1 0 -1 165
0 31 30 29 27 25 24 22 21 20 19 17 16 15 14 12 10 9 8 7 5 4 3 1 0 -1 163
0 31 30 28 27 26 25 23 22 21 18 17 16 15 14 13 11 10 8 6 5 4 3 2 1 -1 161
0 31 30 29 27 26 25 23 22 21 19 18 17 15 13 12 10 9 8 7 6 5 3 1 0 -1 159
0 31 29 28 27 26 24 23 22 21 18 17 16 15 14 12 11 10 9 7 6 5 3 2 0 -1 157
0 31 30 28 27 26 24 23 22 21 19 18 16 14 13 12 11 10 8 7 6 5 3 1 0 -1 155
0 31 30 29 27 25 24 23 22 21 19 18 16 14 13 12 11 10 8 7 5 4 3 2 1 -1 153
0 31 30 29 27 26 24 23 21 20 19 18 17 15 14 13 11 9 8 7 6 5 3 1 0 -1 151
0 31 30 29 27 26 25 22 21 20 19 17 16 15 13 12 11 10 9 6 5 4 3 2 0 -1 149
0 31 30 28 26 25 24 23 22 21 19 18 16 15 14 12 11 10 9 6 5 4 3 2 0 -1 147
0 31 30 28 27 26 25 22 21 20 19 18 16 15 13 12 11 10 9 6 5 4 3 1 0 -1 145
0 31 29 28 26 25 24 23 22 21 19 18 17 14 13 12 11 10 9 7 6 5 3 2 0 -1 143
0 31 29 28 26 25 24 23 22 21 19 18 16 15 13 12 11 10 9 7 6 4 3 2 0 -1 141
0 30 29 28 26 25 24 23 21 20 19 18 17 14 13 12 10 9 8 7 6 4 3 2 0 -1 139
0 31 29 28 27 25 24 22 21 20 19 18 17 15 14 13 10 9 8 6 5 4 3 2 0 -1 137
0 31 30 28 27 25 24 23 22 21 18 17 16 15 14 13 11 10 9 7 6 4 3 2 1 -1 135
0 31 30 28 27 26 24 22 21 20 19 18 17 14 13 12 10 9 8 7 6 5 3 2 1 -1 133
0 31 29 28 26 25 24 23 22 21 18 17 16 15 14 13 11 9 8 7 6 5 3 2 0 -1 131
0 30 29 28 27 26 24 22 21 20 18 17 16 15 14 12 10 9 8 7 5 4 2 1 0 -1 129
0 31 30 28 27 26 24 22 21 20 19 18 16 15 14 13 11 10 8 6 5 4 3 2 1 -1 127
0 31 30 29 27 25 24 23 22 20 19 18 16 14 13 12 11 10 8 6 5 4 3 2 1 -1 125
0 31 30 28 26 25 24 23 22 20 19 18 16 15 13 12 10 9 8 7 6 5 2 1 0 -1 123
0 31 30 28 26 25 24 23 22 21 18 17 16 14 13 12 11 10 8 7 5 4 3 2 1 -1 121
0 31 30 29 27 26 24 23 21 20 19 17 16 14 13 12 11 9 8 6 5 4 3 2 0 -1 119
0 31 29 28 27 26 25 23 22 21 18 17 16 15 14 13 10 9 8 7 5 4 3 2 1 -1 117
0 30 29 28 27 26 24 23 21 20 19 18 17 14 13 12 11 9 8 7 6 4 3 2 1 -1 115
0 31 29 28 26 25 24 22 21 20 18 17 16 15 13 12 11 10 8 7 5 4 3 2 1 -1 113
0 30 29 28 27 25 24 23 22 20 19 18 17 15 14 12 11 9 8 7 5 4 2 1 0 -1 111
0 31 30 28 26 25 24 23 21 20 18 17 16 15 14 12 11 10 9 7 6 5 3 2 0 -1 109
0 31 30 28 27 26 24 23 22 21 18 17 16 15 13 12 10 9 8 7 6 5 2 1 0 -1 107
0 31 29 28 27 25 24 22 21 20 19 18 16 15 13 12 11 10 8 7 6 4 3 2 1 -1 105
0 31 30 28 27 26 25 23 22 20 18 17 16 15 14 12 11 10 8 7 6 5 3 2 0 -1 103
0 30 29 28 27 26 25 22 21 20 19 18 17 15 14 13 11 9 8 7 6 5 3 1 0 -1 101
0 31 30 29 27 26 25 23 22 21 19 18 17 15 13 12 10 9 8 7 6 5 3 2 0 -1 99
0 31 30 28 27 26 24 22 21 20 19 18 16 15 14 13 11 9 8 7 5 4 2 1 0 -1 97
0 31 29 28 26 25 24 23 21 20 19 18 17 15 14 12 10 9 8 7 5 4 3 2 1 -1 95
0 30 29 28 27 26 25 23 22 20 19 18 16 15 14 12 11 9 8 7 6 5 3 2 1 -1 93
0 30 29 28 27 26 24 23 22 20 19 17 16 15 14 13 11 10 9 7 6 4 3 1 0 -1 91
0 30 29 28 27 25 24 23 21 20 19 18 17 14 13 12 11 10 8 7 6 5 3 2 1 -1 89
0 31 30 29 27 26 24 23 22 21 18 17 16 15 13 12 11 10 9 7 5 4 3 2 1 -1 87
0 31 30 29 26 25 24 23 22 20 19 18 16 14 13 12 11 9 8 7 6 5 2 1 0 -1 85
0 31 30 29 27 25 24 23 22 21 19 18 17 15 14 13 11 10 8 7 5 4 2 1 0 -1 83
0 31 30 29 27 26 24 22 21 20 18 17 16 15 13 12 11 10 9 6 5 4 3 1 0 -1 81
0 31 29 28 27 26 24 23 22 21 19 18 17 15 13 12 11 9 8 6 5 4 3 2 0 -1 79
0 31 29 28 26 25 24 22 21 20 19 17 16 15 14 12 10 9 8 6 5 4 3 2 1 -1 77
0 31 30 29 27 25 24 23 21 20 19 18 16 15 13 12 11 9 8 7 6 5 3 1 0 -1 75
0 30 29 28 27 25 24 23 22 21 19 18 17 15 14 12 10 9 8 6 5 4 3 2 0 -1 73
0 31 30 29 27 25 24 23 22 21 19 18 17 15 13 12 11 9 8 6 5 4 3 2 1 -1 71
0 31 29 28 26 25 24 23 22 20 19 18 16 15 14 13 11 10 9 7 6 4 2 1 0 -1 69
0 31 29 28 26 25 24 22 21 20 19 17 16 15 14 12 11 9 8 7 5 4 3 2 0 -1 67
0 31 30 28 27 26 25 23 21 20 18 17 16 15 14 13 11 10 8 6 5 4 3 1 0 -1 65
0 30 29 28 27 26 24 23 21 20 19 18 16 14 13 12 11 10 8 7 6 4 2 1 0 -1 63
0 30 29 28 27 26 25 23 21 20 18 17 16 15 14 13 11 9 8 7 5 4 3 1 0 -1 61
0 31 30 28 27 26 25 23 22 20 19 18 17 15 14 13 10 9 8 6 5 4 3 2 1 -1 59
0 30 29 28 26 25 24 23 21 20 19 18 17 15 13 12 11 10 8 7 6 5 3 2 0 -1 57
0 30 29 28 27 26 24 23 22 20 19 18 16 15 14 12 11 10 8 6 5 4 3 1 0 -1 55
0 31 30 29 26 25 24 22 21 20 18 17 16 15 14 13 10 9 8 6 5 4 3 2 1 -1 53
0 31 30 29 26 25 24 22 21 20 18 17 16 15 13 12 11 10 9 7 5 4 2 1 0 -1 51
0 31 29 28 27 26 24 23 22 21 19 17 16 15 13 12 11 10 9 6 5 4 3 2 0 -1 49
0 30 29 28 27 26 24 23 21 20 19 18 17 15 14 13 10 9 8 7 5 4 2 1 0 -1 47
0 31 30 28 26 25 24 22 21 20 19 18 17 14 13 12 11 10 8 7 6 5 2 1 0 -1 45
0 31 30 29 27 26 24 22 21 20 18 17 16 15 14 12 11 9 8 7 5 4 3 2 1 -1 43
0 31 29 28 27 25 24 22 21 20 19 18 16 14 13 12 11 10 9 7 5 4 3 2 0 -1 41
0 31 30 29 27 26 24 23 22 21 19 18 17 15 14 12 10 9 8 7 6 4 3 1 0 -1 39
0 30 29 28 27 25 24 23 22 21 19 18 17 14 13 12 11 9 8 6 5 4 3 2 1 -1 37
0 31 30 28 26 25 24 23 21 20 19 17 16 15 14 13 10 9 8 7 5 4 2 1 0 -1 35
0 31 29 28 27 26 25 23 22 21 19 18 17 14 13 12 11 9 8 7 5 4 2 1 0 -1 33
0 31 30 28 27 26 25 22 21 20 19 17 16 15 14 13 11 10 8 7 5 4 3 1 0 -1 31
0 31 30 29 27 26 25 23 21 20 18 17 16 14 13 12 11 10 9 6 5 4 3 2 1 -1 29
0 31 30 29 27 26 24 23 21 20 19 18 17 15 14 12 11 10 8 7 5 4 2 1 0 -1 27
0 31 29 28 27 26 25 22 21 20 19 18 17 15 14 13 11 9 8 7 6 4 2 1 0 -1 25
0 31 30 29 27 25 24 22 21 20 18 17 16 15 14 12 11 9 8 7 6 5 2 1 0 -1 23
0 31 30 28 26 25 24 23 22 20 19 18 16 15 14 13 11 10 8 7 6 5 2 1 0 -1 21
0 30 29 28 27 26 24 22 21 20 19 18 17 15 14 12 11 9 8 7 6 4 2 1 0 -1 19
0 31 30 29 27 26 24 22 21 20 19 18 16 14 13 12 11 9 8 7 5 4 3 1 0 -1 17
0 31 29 28 27 26 24 22 21 20 19 18 16 15 13 12 11 10 9 7 6 4 3 2 1 -1 15
0 30 29 28 27 26 24 23 22 20 18 17 16 15 14 13 11 10 8 7 6 5 3 2 0 -1 13
0 31 30 28 27 25 24 23 22 21 19 18 17 15 14 13 11 10 9 7 5 4 3 2 0 -1 11
0 30 29 28 27 25 24 23 22 21 18 17 16 14 13 12 11 10 9 7 5 4 2 1 0 -1 9
0 31 29 28 26 25 24 23 22 21 19 18 16 15 13 12 11 9 8 7 6 4 3 2 0 -1 7
0 31 30 29 27 25 24 22 21 20 18 17 16 15 13 12 11 10 9 7 6 4 3 2 0 -1 5
0 31 29 28 27 25 24 22 21 20 19 18 17 14 13 12 10 9 8 7 5 4 3 2 0 -1 3
0 30 29 28 26 25 24 23 21 20 19 17 16 15 14 13 10 9 8 7 5 4 3 2 1 -1 1
-1
