64
256
0 63 61 60 59 57 56 55 54 52 51 49 48 47 45 44 43 41 40 39 38 37 35 34 33 31 30 29 27 26 25 23 22 21 19 18 17 15 14 13 10 9 8 7 6 5 3 2 0 -1 255
0 63 61 60 59 58 57 55 54 53 51 50 49 47 45 44 43 42 41 39 38 36 34 33 32 31 30 28 27 26 24 23 22 21 19 18 17 15 14 12 11 10 8 7 6 5 3 2 0 -1 253
0 62 61 60 59 58 57 55 53 52 51 49 48 47 46 45 42 41 40 39 37 36 34 33 32 31 30 29 27 26 24 22 21 20 19 18 16 15 14 13 11 10 8 7 5 4 3 2 1 -1 251
0 63 61 60 59 58 57 54 53 52 51 50 49 47 45 44 42 41 40 39 38 37 35 33 32 31 29 28 27 25 24 23 22 21 18 17 16 15 14 12 11 9 8 7 6 5 3 2 1 -1 249
0 63 62 61 59 57 56 55 54 53 50 49 48 46 45 44 43 41 40 38 37 36 35 34 32 30 29 28 26 25 24 23 22 20 19 18 17 14 13 12 11 10 8 7 5 4 3 1 0 -1 247
0 62 61 60 59 58 56 55 53 52 51 50 49 46 45 44 43 41 40 39 37 36 34 33 32 31 30 29 26 25 24 23 22 20 19 18 16 15 14 13 11 10 9 7 6 5 2 1 0 -1 245
0 63 62 61 59 58 56 55 54 52 51 50 48 47 46 44 43 42 41 39 37 36 35 34 33 30 29 28 27 26 24 23 22 20 19 17 16 15 13 12 10 9 8 6 5 4 3 2 0 -1 243
0 63 62 61 59 58 56 55 53 52 50 49 48 47 46 45 43 42 40 38 37 36 34 33 32 30 29 28 26 25 24 23 21 20 19 18 17 15 13 12 11 10 9 7 5 4 2 1 0 -1 241
0 62 61 60 58 57 56 55 53 52 51 50 48 47 45 44 43 42 40 38 37 36 35 34 33 31 30 28 27 25 24 23 22 20 18 17 16 15 13 12 11 10 9 7 6 4 3 2 0 -1 239
0 63 62 60 59 57 56 55 54 53 50 49 48 46 45 44 42 41 40 39 38 37 35 34 32 31 29 28 27 25 24 23 22 20 19 18 16 14 13 12 11 10 8 7 5 4 3 2 0 -1 237
0 63 62 60 58 57 56 55 54 52 51 50 49 47 45 44 42 41 40 39 38 37 34 33 32 31 30 29 27 26 25 23 22 21 19 18 17 15 14 13 10 9 8 7 6 4 3 2 1 -1 235
0 63 62 60 59 58 57 54 53 52 51 50 49 47 46 45 42 41 40 39 37 36 35 34 32 31 29 28 27 26 24 23 22 20 19 17 16 14 13 12 11 9 8 6 5 4 3 2 1 -1 233
0 63 61 60 59 57 56 55 53 52 51 49 48 47 46 44 43 42 40 39 37 36 35 34 32 31 30 29 27 25 24 23 22 21 19 18 16 15 14 12 11 9 8 7 6 4 3 2 0 -1 231
0 63 61 60 59 57 56 54 53 52 51 50 48 47 46 44 43 42 40 39 37 36 34 33 32 31 30 29 27 26 25 23 22 20 19 18 17 15 13 12 11 10 9 7 5 4 3 2 1 -1 229
0 62 61 60 58 57 56 55 53 52 51 49 48 47 45 44 42 41 40 39 37 36 34 33 32 30 29 28 27 25 24 23 21 20 19 18 16 15 13 12 10 9 8 7 6 4 3 1 0 -1 227
0 63 62 61 59 58 57 55 54 53 51 50 49 47 46 45 43 42 41 39 38 36 34 33 32 31 30 29 26 25 24 23 21 20 18 17 16 15 14 12 10 9 8 7 6 4 3 2 1 -1 225
0 62 61 60 59 58 57 55 53 52 50 49 48 47 46 44 43 42 41 38 37 36 35 33 32 31 29 28 27 26 24 22 21 20 19 18 17 15 14 12 11 10 8 7 6 5 3 2 0 -1 223
0 63 62 60 59 58 57 55 54 52 51 49 48 47 46 44 43 41 40 39 37 36 35 34 33 31 30 29 26 25 24 22 21 20 18 17 16 15 14 12 11 9 8 7 5 4 3 2 1 -1 221
0 62 61 60 59 57 56 55 53 52 51 50 48 47 45 44 43 42 40 38 37 36 35 34 32 31 30 29 27 26 24 23 21 20 19 18 17 15 14 12 11 9 8 7 6 4 3 1 0 -1 219
0 63 61 60 58 57 56 54 53 52 51 50 48 47 46 44 43 41 40 38 37 36 34 33 32 30 29 28 27 25 24 23 21 20 19 18 16 15 14 12 11 10 9 7 6 5 2 1 0 -1 217
0 63 61 60 59 57 56 54 53 52 51 50 48 47 45 44 43 41 40 39 37 36 35 34 33 31 30 28 27 25 24 23 22 20 19 18 16 15 14 13 11 10 8 7 5 4 3 1 0 -1 215
0 63 62 60 59 58 57 55 54 52 50 49 48 47 46 44 43 41 40 39 37 36 35 34 33 30 29 28 26 25 24 22 21 20 19 17 16 14 13 12 11 10 9 7 5 4 3 2 1 -1 213
0 62 61 60 58 57 56 54 53 52 50 49 48 47 45 44 42 41 40 39 38 36 34 33 32 31 29 28 26 25 24 23 21 20 19 18 17 14 13 12 10 9 8 6 5 4 3 1 0 -1 211
0 62 61 60 58 57 56 55 53 52 50 49 48 46 45 44 43 42 41 39 38 37 35 34 32 30 29 28 26 25 24 23 22 21 18 17 16 15 14 13 11 10 9 7 5 4 2 1 0 -1 209
0 63 62 60 59 57 56 55 54 53 51 50 49 46 45 44 43 42 41 39 37 36 35 34 32 31 30 29 27 25 24 22 21 20 19 18 17 15 13 12 11 10 8 7 6 4 3 1 0 -1 207
0 63 61 60 59 58 57 55 54 53 51 50 49 47 46 44 42 41 40 39 37 36 34 33 32 31 30 29 27 25 24 23 22 21 19 17 16 15 14 13 10 9 8 6 5 4 3 2 0 -1 205
0 62 61 60 58 57 56 55 54 52 51 50 48 46 45 44 43 42 41 39 37 36 34 33 32 31 29 28 27 26 25 23 22 20 19 17 16 15 14 13 11 10 8 7 5 4 3 2 0 -1 203
0 63 62 61 59 57 56 55 53 52 51 50 49 46 45 44 42 41 40 39 38 37 35 34 33 31 30 29 27 25 24 23 21 20 18 17 16 14 13 12 11 9 8 7 5 4 3 2 0 -1 201
0 62 61 60 59 58 57 55 54 53 50 49 48 47 46 44 43 42 41 38 37 36 35 34 32 31 30 29 27 26 25 23 22 21 19 18 16 15 13 12 10 9 8 7 6 5 3 2 1 -1 199
0 63 62 61 59 57 56 55 54 53 51 50 49 47 45 44 43 41 40 38 37 36 34 33 32 30 29 28 27 26 24 23 22 21 19 18 16 15 14 13 11 9 8 7 6 4 3 2 1 -1 197
0 62 61 60 58 57 56 55 54 52 51 49 48 47 46 44 43 41 40 39 38 36 35 33 32 30 29 28 27 26 24 23 22 21 19 18 17 15 14 13 11 10 8 7 6 4 3 2 1 -1 195
0 63 62 60 59 58 56 55 54 53 51 50 49 47 45 44 43 41 40 39 37 36 35 34 33 31 30 29 27 26 25 23 22 21 19 18 16 15 14 12 11 10 8 7 6 4 3 2 0 -1 193
0 62 61 60 59 58 56 54 53 52 51 50 49 47 45 44 43 42 40 39 38 37 35 34 32 30 29 28 27 26 24 22 21 20 19 17 16 15 14 12 11 10 9 7 6 4 3 2 1 -1 191
0 63 61 60 59 58 57 55 54 53 50 49 48 47 45 44 43 42 41 39 38 36 35 34 33 31 30 29 27 26 24 23 22 20 19 18 16 15 14 13 11 10 8 7 6 4 2 1 0 -1 189
0 63 62 60 58 57 56 55 54 52 50 49 48 47 46 44 43 42 40 39 38 37 35 34 32 31 30 29 27 26 25 23 22 21 19 18 16 15 14 13 10 9 8 7 6 5 3 1 0 -1 187
0 63 62 61 58 57 56 55 54 53 51 50 48 46 45 44 43 42 40 39 38 36 35 34 32 31 30 28 27 26 25 23 22 20 19 18 16 15 14 12 11 9 8 6 5 4 3 1 0 -1 185
0 63 61 60 59 58 56 55 53 52 51 49 48 47 46 45 43 42 40 38 37 36 35 33 32 31 30 28 27 26 24 22 21 20 19 17 16 14 13 12 11 10 9 7 5 4 2 1 0 -1 183
0 63 62 61 58 57 56 54 53 52 51 50 49 47 46 45 43 42 41 39 38 36 35 34 33 30 29 28 27 26 25 23 22 20 19 18 17 15 14 12 11 10 9 7 6 5 3 2 0 -1 181
0 63 62 60 58 57 56 55 54 52 51 49 48 47 46 44 43 42 40 38 37 36 35 34 32 31 30 29 27 26 25 22 21 20 19 17 16 15 13 12 11 10 8 7 6 5 3 2 0 -1 179
0 62 61 60 59 57 56 55 54 52 51 50 49 46 45 44 43 42 40 39 37 36 35 33 32 31 30 29 27 26 25 23 22 21 18 17 16 15 13 12 11 10 9 7 6 4 3 2 0 -1 177
0 63 62 60 59 58 57 55 54 52 51 50 48 47 46 44 43 41 40 39 37 36 35 34 33 31 30 28 27 25 24 23 22 21 18 17 16 15 13 12 11 9 8 7 5 4 2 1 0 -1 175
0 62 61 60 59 57 56 55 53 52 50 49 48 47 46 45 43 42 40 39 37 36 35 33 32 31 30 29 27 26 25 23 22 20 19 18 16 15 13 12 10 9 8 7 5 4 2 1 0 -1 173
0 63 62 61 59 57 56 54 53 52 51 50 49 47 46 45 43 42 40 39 37 36 35 34 33 31 29 28 26 25 24 22 21 20 19 18 17 15 13 12 11 10 8 6 5 4 3 1 0 -1 171
0 63 61 60 58 57 56 54 53 52 50 49 48 47 46 45 43 41 40 39 38 36 35 34 32 30 29 28 27 26 25 23 22 20 19 18 17 15 13 12 11 10 8 6 5 4 3 2 1 -1 169
0 62 61 60 59 57 56 55 54 52 51 50 48 47 46 44 42 41 40 39 38 37 35 34 33 31 30 29 27 25 24 22 21 20 19 18 16 15 13 12 10 9 8 7 6 5 2 1 0 -1 167
0 62 61 60 59 58 56 54 53 52 51 49 48 46 45 44 43 42 40 39 38 37 34 33 32 30 29 28 26 25 24 23 21 20 19 18 17 15 14 12 10 9 8 7 6 5 3 2 1 -1 165
0 62 61 60 59 58 56 55 54 53 51 49 48 46 45 44 43 42 41 39 38 36 35 33 32 31 29 28 26 25 24 22 21 20 19 17 16 14 13 12 11 9 8 7 6 5 2 1 0 -1 163
0 63 61 60 59 57 56 55 53 52 51 50 49 47 46 45 43 42 40 39 38 37 35 34 32 31 30 28 27 26 25 22 21 20 18 17 16 15 14 12 11 10 9 7 6 4 3 1 0 -1 161
0 62 61 60 59 58 56 55 53 52 51 50 49 47 46 45 43 42 40 39 38 37 34 33 32 31 30 28 27 25 24 22 21 20 19 18 17 15 13 12 11 9 8 7 6 5 3 1 0 -1 159
0 63 61 60 59 58 57 55 54 53 50 49 48 47 46 44 42 41 40 39 38 36 35 34 33 31 29 28 27 26 24 23 22 20 19 17 16 15 14 12 11 10 9 7 6 5 3 1 0 -1 157
0 63 62 60 59 58 56 55 54 53 50 49 48 47 46 44 42 41 40 39 37 36 35 34 33 31 30 28 26 25 24 23 22 21 19 18 16 15 13 12 11 10 9 6 5 4 2 1 0 -1 155
0 63 62 60 59 58 57 55 53 52 51 50 48 47 46 44 43 42 41 39 38 37 35 33 32 31 30 29 26 25 24 23 22 21 19 18 17 15 13 12 11 10 8 7 6 4 3 2 0 -1 153
0 63 62 61 59 58 57 55 53 52 51 50 48 47 46 44 43 41 40 38 37 36 35 34 32 31 30 29 27 26 24 23 22 21 19 17 16 15 14 12 11 10 9 7 6 4 2 1 0 -1 151
0 62 61 60 59 57 56 55 53 52 51 50 48 47 46 44 43 41 40 39 37 36 34 33 32 31 30 29 27 26 25 23 22 20 19 18 17 15 14 13 11 10 8 7 6 5 3 2 1 -1 149
0 63 61 60 59 57 56 55 54 53 50 49 48 46 45 44 43 42 41 39 38 37 35 33 32 30 29 28 27 26 25 23 22 20 19 18 16 14 13 12 11 9 8 7 6 4 2 1 0 -1 147
0 63 62 61 59 58 56 55 53 52 51 50 48 47 46 44 43 42 41 38 37 36 35 33 32 31 30 28 27 26 24 23 21 20 19 18 16 15 13 12 11 10 8 7 5 4 3 2 0 -1 145
0 63 62 60 58 57 56 54 53 52 50 49 48 47 46 45 42 41 40 39 37 36 34 33 32 31 30 29 27 26 24 23 21 20 19 18 17 15 14 12 11 10 9 7 5 4 3 2 1 -1 143
0 63 62 60 58 57 56 55 54 52 51 50 49 47 46 44 43 41 40 39 38 36 35 34 32 31 29 28 27 26 25 23 22 21 18 17 16 14 13 12 11 9 8 7 6 4 3 1 0 -1 141
0 63 62 60 59 58 56 55 54 52 51 50 49 47 46 45 43 41 40 38 37 36 35 33 32 31 30 29 27 26 25 22 21 20 19 17 16 15 14 13 10 9 8 7 6 4 3 1 0 -1 139
0 63 62 60 59 58 57 55 54 53 50 49 48 47 46 44 42 41 40 39 37 36 35 34 32 31 29 28 27 25 24 22 21 20 19 17 16 15 14 12 10 9 8 7 6 5 2 1 0 -1 137
0 63 62 61 58 57 56 54 53 52 51 50 49 46 45 44 42 41 40 39 38 36 35 34 33 31 30 28 27 25 24 22 21 20 19 18 17 14 13 12 11 9 8 7 6 4 3 2 0 -1 135
0 63 62 61 58 57 56 55 53 52 51 50 48 47 46 44 43 42 40 39 38 36 34 33 32 31 30 29 27 25 24 22 21 20 19 17 16 15 13 12 11 10 8 7 5 4 2 1 0 -1 133
0 63 62 60 59 58 56 55 54 53 51 49 48 47 46 44 43 42 41 39 37 36 35 34 33 30 29 28 27 25 24 23 22 20 19 17 16 14 13 12 11 9 8 7 6 4 3 1 0 -1 131
0 62 61 60 59 58 57 55 53 52 51 50 48 47 45 44 43 42 40 39 38 36 35 33 32 31 30 29 27 26 25 22 21 20 19 18 16 15 13 12 11 10 9 7 5 4 3 2 1 -1 129
0 62 61 60 59 58 56 55 54 53 51 50 48 47 46 44 43 42 40 38 37 36 35 33 32 31 30 28 27 26 24 23 21 20 18 17 16 15 13 12 11 10 9 7 5 4 3 2 0 -1 127
0 63 62 60 59 58 57 54 53 52 51 50 48 47 45 44 43 42 40 39 38 36 35 34 32 30 29 28 27 26 25 22 21 20 19 18 16 15 14 13 10 9 8 6 5 4 2 1 0 -1 125
0 63 62 60 59 58 57 55 53 52 51 50 49 47 46 45 42 41 40 39 38 36 35 34 32 31 30 28 27 26 25 23 22 20 19 18 16 15 14 12 10 9 8 7 6 5 3 2 1 -1 123
0 63 62 61 58 57 56 54 53 52 50 49 48 46 45 44 43 42 41 38 37 36 35 34 33 31 29 28 27 25 24 23 22 20 19 18 16 15 14 12 11 10 9 7 6 4 3 2 1 -1 121
0 62 61 60 59 57 56 55 54 53 51 49 48 47 45 44 43 42 40 38 37 36 35 34 33 31 29 28 27 26 24 23 21 20 18 17 16 15 14 13 11 10 8 7 5 4 2 1 0 -1 119
0 63 61 60 59 57 56 54 53 52 51 50 49 47 46 44 43 42 40 39 38 36 35 34 33 30 29 28 27 26 25 23 22 20 19 18 16 14 13 12 10 9 8 7 6 4 3 2 1 -1 117
0 63 62 61 59 58 57 55 54 53 51 49 48 47 45 44 43 42 40 39 37 36 34 33 32 31 30 28 27 26 24 23 22 21 18 17 16 15 14 13 11 9 8 7 6 5 3 1 0 -1 115
0 63 62 60 59 58 56 55 54 52 51 50 48 47 46 45 42 41 40 38 37 36 35 33 32 30 29 28 27 26 24 22 21 20 19 17 16 14 13 12 11 10 9 7 6 4 3 2 1 -1 113
0 63 61 60 58 57 56 55 53 52 50 49 48 47 45 44 43 42 40 39 38 36 35 34 33 31 30 28 27 26 25 23 22 20 19 17 16 15 14 13 11 10 9 7 6 4 3 2 1 -1 111
0 63 61 60 58 57 56 54 53 52 51 50 48 47 46 45 43 42 41 38 37 36 35 34 32 31 30 28 27 26 24 22 21 20 19 17 16 15 14 13 11 10 9 7 6 4 3 2 1 -1 109
0 63 62 61 59 57 56 55 54 52 50 49 48 46 45 44 43 42 40 38 37 36 34 33 32 31 30 29 27 26 25 23 22 20 18 17 16 15 14 13 11 10 8 7 6 4 2 1 0 -1 107
0 62 61 60 58 57 56 55 54 52 51 49 48 47 46 45 43 42 41 39 38 36 35 33 32 31 30 28 27 25 24 22 21 20 19 18 16 15 13 12 11 9 8 6 5 4 3 2 0 -1 105
0 62 61 60 59 58 57 55 53 52 50 49 48 47 45 44 43 42 41 39 38 36 35 34 33 31 30 28 27 26 25 23 22 21 18 17 16 15 14 13 11 10 9 6 5 4 3 2 1 -1 103
0 63 62 61 59 57 56 54 53 52 51 49 48 47 46 45 43 42 41 38 37 36 35 34 33 31 30 29 27 25 24 23 22 21 19 18 17 15 13 12 11 10 9 7 5 4 3 2 1 -1 101
0 63 62 60 59 58 56 55 53 52 51 50 48 46 45 44 43 42 40 39 38 36 35 34 33 31 30 29 27 25 24 22 21 20 19 17 16 15 13 12 11 10 8 6 5 4 2 1 0 -1 99
0 63 62 61 58 57 56 54 53 52 51 50 48 46 45 44 43 42 41 38 37 36 35 33 32 31 29 28 27 25 24 23 22 21 19 18 17 15 14 13 11 10 8 6 5 4 3 2 0 -1 97
0 63 61 60 59 58 56 55 54 53 51 49 48 47 46 44 43 41 40 39 38 36 35 34 32 30 29 28 27 26 24 23 22 21 19 18 17 15 13 12 10 9 8 7 6 5 2 1 0 -1 95
0 63 62 60 58 57 56 55 54 53 51 49 48 47 46 44 43 41 40 38 37 36 35 33 32 31 30 29 26 25 24 23 22 21 19 18 17 15 13 12 11 9 8 7 6 4 3 2 1 -1 93
0 62 61 60 59 57 56 55 54 53 51 50 48 47 46 44 43 42 40 38 37 36 35 34 33 31 30 28 27 26 24 23 21 20 19 18 17 15 14 12 10 9 8 7 6 5 3 2 0 -1 91
0 62 61 60 59 58 56 54 53 52 51 49 48 47 46 44 42 41 40 39 37 36 35 34 33 30 29 28 27 25 24 23 22 20 19 17 16 15 13 12 11 9 8 7 5 4 3 2 1 -1 89
0 62 61 60 58 57 56 55 54 52 51 50 49 46 45 44 43 41 40 38 37 36 35 34 32 31 30 28 27 26 25 23 22 21 19 17 16 15 14 12 11 10 8 6 5 4 3 1 0 -1 87
0 62 61 60 59 58 56 54 53 52 51 49 48 47 46 44 43 42 41 39 38 37 35 34 33 31 29 28 26 25 24 22 21 20 19 18 16 15 13 12 11 9 8 6 5 4 3 2 0 -1 85
0 63 61 60 59 58 57 55 53 52 51 50 48 47 46 45 43 42 40 39 38 36 35 33 32 31 29 28 27 26 25 23 22 21 18 17 16 15 14 13 11 10 8 7 5 4 3 1 0 -1 83
0 63 61 60 59 58 57 55 53 52 51 50 48 46 45 44 43 41 40 39 38 36 35 34 33 30 29 28 27 26 24 23 21 20 19 17 16 15 14 13 11 9 8 6 5 4 3 2 0 -1 81
0 62 61 60 59 58 56 55 53 52 51 50 49 47 46 45 43 42 41 38 37 36 35 34 32 31 29 28 27 26 25 23 22 21 19 18 16 15 14 13 11 9 8 7 5 4 3 2 1 -1 79
0 63 61 60 58 57 56 55 54 52 51 50 48 47 45 44 43 42 41 39 37 36 34 33 32 31 30 28 27 25 24 23 22 21 19 17 16 14 13 12 10 9 8 7 6 4 3 2 1 -1 77
0 63 61 60 58 57 56 55 54 53 51 49 48 47 45 44 42 41 40 39 37 36 35 34 32 31 29 28 27 25 24 23 22 21 18 17 16 15 13 12 11 10 8 7 6 4 2 1 0 -1 75
0 62 61 60 59 58 57 55 54 53 51 50 49 47 45 44 42 41 40 39 38 36 35 33 32 31 30 29 26 25 24 23 22 20 19 17 16 15 14 13 11 10 8 7 6 5 3 2 0 -1 73
0 63 62 60 59 58 57 54 53 52 51 49 48 47 46 45 43 42 40 39 38 36 35 34 33 31 29 28 27 26 24 23 22 20 19 18 16 15 14 13 11 9 8 6 5 4 3 2 0 -1 71
0 63 62 60 58 57 56 55 54 52 51 50 49 47 45 44 43 41 40 39 38 36 34 33 32 31 29 28 27 26 25 23 21 20 19 18 17 15 14 12 11 10 8 7 5 4 2 1 0 -1 69
0 63 62 61 59 58 57 55 54 52 51 50 48 46 45 44 43 41 40 39 38 37 35 34 32 31 30 28 27 25 24 23 22 21 19 18 17 14 13 12 11 10 8 7 5 4 3 1 0 -1 67
0 63 62 60 59 58 56 55 53 52 51 50 49 47 46 44 43 42 41 39 38 36 35 33 32 31 30 28 27 26 25 23 21 20 18 17 16 15 13 12 11 10 8 6 5 4 3 2 0 -1 65
0 62 61 60 59 58 57 55 54 52 51 50 49 47 46 45 42 41 40 39 37 36 35 34 32 31 30 28 27 25 24 22 21 20 18 17 16 15 13 12 11 10 8 7 6 5 3 2 1 -1 63
0 63 62 60 58 57 56 54 53 52 50 49 48 47 45 44 43 42 41 39 37 36 34 33 32 30 29 28 26 25 24 23 21 20 19 18 17 15 13 12 11 10 8 6 5 4 3 2 0 -1 61
0 63 62 61 58 57 56 54 53 52 50 49 48 47 46 44 43 42 40 38 37 36 35 34 33 31 30 29 27 26 24 23 22 21 19 18 16 14 13 12 11 9 8 6 5 4 2 1 0 -1 59
0 62 61 60 59 57 56 54 53 52 51 50 49 47 46 45 43 41 40 39 38 37 34 33 32 31 30 28 26 25 24 23 22 20 19 17 16 15 13 12 11 10 9 7 6 5 2 1 0 -1 57
0 62 61 60 59 58 57 55 53 52 51 49 48 46 45 44 43 42 40 39 38 36 34 33 32 30 29 28 27 26 24 23 22 21 18 17 16 15 14 13 11 10 8 6 5 4 3 2 0 -1 55
0 63 61 60 59 57 56 54 53 52 51 49 48 47 46 45 43 41 40 38 37 36 35 33 32 31 30 28 27 26 25 22 21 20 19 17 16 15 14 12 10 9 8 7 6 4 2 1 0 -1 53
0 63 61 60 59 58 57 54 53 52 51 49 48 47 45 44 43 42 41 38 37 36 35 34 33 31 30 28 27 26 24 22 21 20 19 18 17 15 14 13 11 10 8 7 6 4 2 1 0 -1 51
0 63 61 60 59 58 56 55 54 53 51 50 48 47 46 44 43 42 40 38 37 36 35 34 33 30 29 28 26 25 24 23 21 20 18 17 16 15 14 13 11 9 8 7 5 4 2 1 0 -1 49
0 63 62 61 59 58 57 55 54 52 50 49 48 46 45 44 43 42 41 38 37 36 35 34 33 31 29 28 27 26 25 23 22 20 18 17 16 15 13 12 11 10 8 7 5 4 2 1 0 -1 47
0 62 61 60 58 57 56 55 53 52 51 50 48 46 45 44 43 42 41 38 37 36 35 34 32 31 29 28 26 25 24 23 22 21 19 17 16 15 14 13 11 9 8 7 6 5 3 2 1 -1 45
0 63 61 60 59 58 56 55 54 53 51 50 49 47 46 45 43 42 41 39 38 36 35 33 32 30 29 28 27 26 24 23 22 21 19 18 17 15 13 12 11 9 8 7 6 4 3 2 1 -1 43
0 63 62 60 58 57 56 55 53 52 50 49 48 47 46 44 43 41 40 39 38 37 35 34 33 31 30 28 27 26 25 23 22 21 19 17 16 15 14 13 10 9 8 7 5 4 3 2 1 -1 41
0 63 61 60 59 58 57 54 53 52 51 50 49 47 46 44 43 42 40 39 37 36 34 33 32 31 30 28 27 25 24 23 21 20 19 17 16 15 14 13 11 10 8 7 6 4 3 1 0 -1 39
0 63 62 61 59 57 56 55 53 52 51 49 48 46 45 44 43 42 40 39 37 36 35 34 33 31 30 29 27 26 25 23 21 20 19 18 16 15 14 12 11 9 8 7 6 4 2 1 0 -1 37
0 63 62 60 59 57 56 55 54 52 51 49 48 47 45 44 43 42 41 39 38 37 34 33 32 31 29 28 27 25 24 23 22 20 19 18 17 15 13 12 11 10 9 7 6 4 3 2 0 -1 35
0 63 62 60 58 57 56 55 54 53 50 49 48 47 46 44 43 42 40 39 37 36 35 34 33 31 30 28 26 25 24 23 22 21 19 17 16 15 13 12 11 10 9 7 6 4 3 1 0 -1 33
0 63 62 60 58 57 56 55 54 52 50 49 48 46 45 44 43 41 40 39 37 36 35 34 32 31 30 29 27 26 25 23 22 20 19 17 16 14 13 12 11 10 9 7 5 4 3 2 1 -1 31
0 63 62 61 58 57 56 54 53 52 51 49 48 46 45 44 43 42 40 39 38 37 35 33 32 31 30 29 26 25 24 23 22 21 19 17 16 15 14 13 11 10 9 7 5 4 2 1 0 -1 29
0 62 61 60 59 57 56 55 54 53 51 50 48 47 45 44 43 42 41 39 38 36 35 34 32 31 30 28 27 25 24 23 22 20 19 17 16 15 14 13 11 9 8 7 6 4 3 2 1 -1 27
0 62 61 60 59 58 57 55 53 52 51 50 49 47 46 45 42 41 40 39 38 36 34 33 32 31 30 28 27 26 25 22 21 20 19 18 17 14 13 12 10 9 8 7 6 5 3 2 1 -1 25
0 62 61 60 59 58 56 55 54 53 51 50 49 47 46 45 42 41 40 38 37 36 34 33 32 31 30 29 26 25 24 23 22 20 19 17 16 15 14 13 10 9 8 7 6 5 3 1 0 -1 23
0 63 62 60 58 57 56 54 53 52 51 50 48 47 46 44 42 41 40 38 37 36 35 33 32 31 30 28 27 26 24 22 21 20 19 17 16 15 13 12 11 10 8 6 5 4 3 2 1 -1 21
0 63 62 60 59 58 56 55 54 52 51 50 48 47 46 44 43 41 40 39 37 36 35 34 32 31 30 29 27 26 25 22 21 20 19 18 17 15 14 12 10 9 8 7 5 4 2 1 0 -1 19
0 63 61 60 58 57 56 55 54 52 51 50 48 47 46 45 42 41 40 39 37 36 34 33 32 31 30 28 27 25 24 23 22 20 19 18 17 15 14 12 10 9 8 7 6 4 3 2 1 -1 17
0 62 61 60 59 58 56 55 54 52 51 50 49 47 46 44 43 42 40 39 38 36 35 33 32 30 29 28 27 26 24 23 21 20 19 18 16 15 14 12 10 9 8 7 6 5 2 1 0 -1 15
0 63 61 60 59 57 56 55 53 52 51 49 48 47 46 45 43 41 40 38 37 36 35 34 33 31 29 28 26 25 24 23 21 20 19 17 16 15 14 12 10 9 8 7 5 4 2 1 0 -1 13
0 62 61 60 58 57 56 54 53 52 51 49 48 47 46 44 43 42 40 39 37 36 35 34 32 31 29 28 26 25 24 23 22 20 18 17 16 14 13 12 10 9 8 7 6 5 3 2 0 -1 11
0 63 61 60 58 57 56 54 53 52 51 50 48 46 45 44 43 41 40 39 38 36 34 33 32 31 29 28 27 26 25 22 21 20 19 18 17 15 14 13 11 10 9 6 5 4 3 1 0 -1 9
0 63 62 60 59 58 56 55 53 52 51 50 49 46 45 44 42 41 40 39 38 36 35 33 32 31 30 29 27 26 25 23 22 21 19 18 17 15 14 12 11 10 9 7 5 4 3 2 1 -1 7
0 63 61 60 59 58 57 55 53 52 50 49 48 47 46 45 43 41 40 39 37 36 35 33 32 31 29 28 26 25 24 23 22 20 19 18 16 15 14 13 11 10 8 7 6 5 3 2 1 -1 5
0 62 61 60 59 57 56 54 53 52 51 50 49 46 45 44 43 42 40 39 38 37 34 33 32 31 30 28 27 26 25 22 21 20 18 17 16 15 14 12 11 10 8 7 5 4 3 2 0 -1 3
0 63 62 60 59 58 56 55 54 53 51 50 49 47 45 44 43 41 40 39 38 37 34 33 32 31 30 28 26 25 24 22 21 20 18 17 16 15 13 12 10 9 8 7 6 5 2 1 0 -1 1
-1
