16
16
0 15 14 13 12 11 10 9 8 7 6 5 4 3 2 1 0 -1 15
0 15 14 13 12 11 10 9 8 7 6 5 4 3 2 1 0 -1 14
0 15 14 13 12 11 10 9 8 7 6 5 4 3 2 1 0 -1 13
0 15 14 13 12 11 10 9 8 7 6 5 4 3 2 1 0 -1 12
0 15 14 13 12 11 10 9 8 7 6 5 4 3 2 1 0 -1 11
0 15 14 13 12 11 10 9 8 7 6 5 4 3 2 1 0 -1 10
0 15 14 13 12 11 10 9 8 7 6 5 4 3 2 1 0 -1 9
0 15 14 13 12 11 10 9 8 7 6 5 4 3 2 1 0 -1 8
0 15 14 13 12 11 10 9 8 7 6 5 4 3 2 1 0 -1 7
0 15 14 13 12 11 10 9 8 7 6 5 4 3 2 1 0 -1 5
0 15 14 13 12 11 10 9 8 7 6 5 4 3 2 1 0 -1 3
0 15 14 13 12 11 10 9 8 7 6 5 4 3 2 1 0 -1 1
-1
