16
256
0 15 12 10 8 6 5 3 0 -1 255
0 14 13 11 8 6 5 3 0 -1 253
0 15 12 10 8 7 4 3 1 -1 251
0 15 12 10 8 7 5 3 0 -1 249
0 14 13 11 9 6 5 2 1 -1 247
0 15 13 11 9 6 4 3 0 -1 245
0 14 13 10 9 7 5 2 0 -1 243
0 15 13 11 8 7 4 2 0 -1 241
0 15 12 10 9 7 4 2 1 -1 239
0 14 13 11 8 7 5 3 1 -1 237
0 15 13 10 8 7 4 3 1 -1 235
0 14 13 11 8 7 4 3 0 -1 233
0 14 13 11 8 7 4 2 0 -1 231
0 15 12 10 8 6 5 3 0 -1 229
0 14 13 11 8 7 4 2 0 -1 227
0 14 12 11 8 6 5 2 1 -1 225
0 14 13 10 8 7 4 3 0 -1 223
0 14 13 10 9 7 4 2 0 -1 221
0 15 12 10 9 7 4 2 0 -1 219
0 15 12 11 9 6 4 3 0 -1 217
0 15 12 11 8 7 5 2 0 -1 215
0 14 12 10 9 6 5 3 0 -1 213
0 15 13 10 8 6 4 3 0 -1 211
0 14 13 11 8 6 5 3 0 -1 209
0 15 12 11 9 7 5 2 0 -1 207
0 15 12 11 9 6 4 3 0 -1 205
0 14 12 11 8 7 4 2 0 -1 203
0 14 12 11 8 7 4 3 0 -1 201
0 14 13 10 9 6 5 3 0 -1 199
0 15 13 11 9 6 5 2 0 -1 197
0 15 12 11 8 6 4 2 0 -1 195
0 15 12 11 9 7 5 3 0 -1 193
0 14 13 11 8 7 4 3 1 -1 191
0 15 12 10 9 7 4 2 1 -1 189
0 14 12 11 8 6 4 2 1 -1 187
0 14 13 10 8 6 4 3 0 -1 185
0 15 13 10 9 7 4 2 1 -1 183
0 15 13 11 9 7 5 2 0 -1 181
0 15 12 11 9 7 4 2 0 -1 179
0 14 13 10 8 6 4 2 1 -1 177
0 14 12 10 8 7 4 2 1 -1 175
0 14 13 10 8 6 4 3 1 -1 173
0 15 12 10 8 6 5 2 1 -1 171
0 15 12 10 8 6 4 3 0 -1 169
0 14 13 11 8 6 5 2 1 -1 167
0 15 12 11 9 7 4 2 1 -1 165
0 15 12 10 8 7 5 2 1 -1 163
0 15 13 11 9 6 5 2 1 -1 161
0 14 13 11 8 6 4 2 0 -1 159
0 14 13 10 9 7 5 3 1 -1 157
0 15 12 11 8 6 5 2 1 -1 155
0 15 12 11 9 6 5 2 0 -1 153
0 14 12 10 8 6 5 2 1 -1 151
0 14 12 11 8 6 4 2 0 -1 149
0 15 12 10 8 7 4 3 0 -1 147
0 15 13 11 9 7 4 2 1 -1 145
0 15 13 11 9 6 4 3 0 -1 143
0 14 12 11 8 7 5 2 1 -1 141
0 14 12 10 9 6 5 3 0 -1 139
0 15 13 11 8 7 4 3 1 -1 137
0 15 12 11 8 7 5 3 0 -1 135
0 14 13 11 9 6 4 3 1 -1 133
0 14 13 11 9 7 5 2 0 -1 131
0 14 12 11 9 7 4 3 1 -1 129
0 15 13 10 8 7 5 2 0 -1 127
0 14 13 11 8 7 5 2 0 -1 125
0 15 13 10 9 6 5 3 0 -1 123
0 15 12 10 8 6 5 2 0 -1 121
0 15 12 11 9 6 5 2 0 -1 119
0 15 12 11 8 6 5 3 0 -1 117
0 15 13 10 8 7 5 3 1 -1 115
0 15 13 11 9 6 4 2 1 -1 113
0 15 13 11 9 7 5 3 1 -1 111
0 15 13 10 9 7 4 2 0 -1 109
0 15 13 10 9 7 5 3 0 -1 107
0 15 12 11 9 6 4 3 1 -1 105
0 15 13 10 8 7 4 3 1 -1 103
0 14 13 11 9 6 5 2 1 -1 101
0 14 13 10 8 6 5 3 1 -1 99
0 15 13 10 9 7 4 3 1 -1 97
0 15 12 10 9 6 4 3 0 -1 95
0 14 12 10 9 6 5 2 1 -1 93
0 14 13 10 9 7 5 3 1 -1 91
0 15 12 10 9 7 5 3 1 -1 89
0 15 13 11 9 7 4 3 0 -1 87
0 14 12 10 8 7 5 2 0 -1 85
0 15 12 10 8 6 5 2 1 -1 83
0 14 13 11 8 7 4 2 0 -1 81
0 14 12 11 9 6 4 2 1 -1 79
0 15 13 11 8 6 5 3 1 -1 77
0 15 12 10 9 6 5 3 1 -1 75
0 15 12 10 8 6 4 2 0 -1 73
0 15 12 11 8 7 5 2 1 -1 71
0 15 13 10 9 7 4 2 0 -1 69
0 15 12 10 8 7 4 2 1 -1 67
0 15 13 10 9 7 4 2 0 -1 65
0 14 12 11 8 6 5 2 1 -1 63
0 15 13 11 9 7 4 3 1 -1 61
0 15 12 10 9 6 4 2 0 -1 59
0 15 12 10 9 6 5 3 0 -1 57
0 14 13 10 8 7 5 2 1 -1 55
0 14 12 11 8 7 5 3 1 -1 53
0 15 12 11 8 6 5 2 0 -1 51
0 15 12 11 9 6 4 3 1 -1 49
0 15 12 10 9 6 4 2 1 -1 47
0 15 12 10 9 7 5 2 0 -1 45
0 15 13 11 8 6 5 2 1 -1 43
0 14 13 10 9 6 4 2 0 -1 41
0 15 12 10 9 6 5 3 1 -1 39
0 14 12 10 8 6 4 2 1 -1 37
0 14 13 10 8 6 4 2 0 -1 35
0 15 12 10 8 7 5 2 0 -1 33
0 14 13 11 9 7 4 3 1 -1 31
0 15 13 10 9 6 5 3 0 -1 29
0 15 12 11 9 7 4 2 0 -1 27
0 14 13 10 8 6 5 3 1 -1 25
0 14 13 10 9 6 4 2 1 -1 23
0 15 13 10 8 6 4 2 0 -1 21
0 15 12 11 9 6 5 3 0 -1 19
0 15 13 11 9 7 5 3 1 -1 17
0 15 13 10 9 7 4 2 0 -1 15
0 15 12 11 8 6 4 3 0 -1 13
0 14 13 10 9 7 5 2 1 -1 11
0 14 12 10 8 7 4 3 0 -1 9
0 15 12 11 8 6 4 3 1 -1 7
0 14 12 11 8 6 5 2 1 -1 5
0 15 12 10 9 6 4 2 0 -1 3
0 14 12 11 8 6 4 3 1 -1 1
-1
