16
256
0 14 9 5 1 -1 255
0 13 8 4 1 -1 254
0 14 11 7 3 -1 253
0 13 10 6 3 -1 252
0 13 8 6 1 -1 251
0 12 10 6 2 -1 250
0 13 8 5 1 -1 249
0 12 9 7 0 -1 248
0 14 10 7 1 -1 247
0 12 9 7 3 -1 246
0 12 10 5 2 -1 245
0 14 11 5 3 -1 244
0 12 11 6 0 -1 243
0 14 9 4 3 -1 242
0 13 10 6 2 -1 241
0 12 8 5 3 -1 240
0 14 8 5 1 -1 239
0 14 9 7 1 -1 238
0 13 8 5 3 -1 237
0 14 9 5 2 -1 236
0 13 8 7 3 -1 235
0 13 9 4 1 -1 234
0 13 10 4 3 -1 233
0 15 11 6 1 -1 232
0 12 11 5 3 -1 231
0 12 10 5 3 -1 230
0 14 10 7 0 -1 229
0 12 10 6 3 -1 228
0 12 11 6 2 -1 227
0 15 10 6 3 -1 226
0 13 8 6 2 -1 225
0 14 8 7 0 -1 224
0 15 8 5 0 -1 223
0 12 10 4 2 -1 222
0 13 10 6 3 -1 221
0 12 9 5 0 -1 220
0 15 8 5 1 -1 219
0 13 9 5 2 -1 218
0 14 10 6 3 -1 217
0 15 9 6 3 -1 216
0 13 11 4 3 -1 215
0 15 10 4 3 -1 214
0 12 8 4 0 -1 213
0 13 8 6 1 -1 212
0 15 10 5 1 -1 211
0 12 10 5 0 -1 210
0 12 8 7 1 -1 209
0 15 10 4 3 -1 208
0 13 9 7 0 -1 207
0 15 11 4 1 -1 206
0 13 8 4 3 -1 205
0 12 9 6 2 -1 204
0 14 11 4 3 -1 203
0 15 8 7 3 -1 202
0 14 8 6 0 -1 201
0 15 11 7 1 -1 200
0 14 11 5 2 -1 199
0 12 11 4 3 -1 198
0 13 8 7 3 -1 197
0 15 11 7 3 -1 196
0 15 8 6 2 -1 195
0 13 9 7 0 -1 194
0 14 9 6 3 -1 193
0 13 10 4 1 -1 192
0 12 10 7 1 -1 191
0 12 8 4 1 -1 190
0 13 9 6 1 -1 189
0 13 11 6 2 -1 188
0 14 9 5 3 -1 187
0 15 10 5 0 -1 186
0 13 11 4 1 -1 185
0 14 8 5 0 -1 184
0 13 8 6 1 -1 183
0 13 9 4 3 -1 182
0 13 11 6 3 -1 181
0 15 9 5 2 -1 180
0 15 10 4 0 -1 179
0 13 11 6 1 -1 178
0 13 9 6 0 -1 177
0 12 11 6 1 -1 176
0 15 10 5 1 -1 175
0 12 9 7 3 -1 174
0 15 9 4 2 -1 173
0 15 8 6 2 -1 172
0 15 8 4 2 -1 171
0 12 8 5 1 -1 170
0 14 10 6 0 -1 169
0 15 11 6 1 -1 168
0 12 11 5 3 -1 167
0 14 8 6 3 -1 166
0 13 10 7 1 -1 165
0 13 10 6 3 -1 164
0 13 10 5 2 -1 163
0 12 11 7 3 -1 162
0 14 11 7 0 -1 161
0 14 9 6 2 -1 160
0 15 10 6 2 -1 159
0 14 10 4 3 -1 158
0 15 11 4 0 -1 157
0 14 11 4 3 -1 156
0 12 8 6 2 -1 155
0 14 9 6 3 -1 154
0 15 9 7 2 -1 153
0 15 8 4 2 -1 152
0 15 8 4 2 -1 151
0 15 8 7 2 -1 150
0 12 8 6 0 -1 149
0 13 10 5 3 -1 148
0 15 8 7 0 -1 147
0 15 11 6 3 -1 146
0 14 9 4 2 -1 145
0 12 8 6 3 -1 144
0 12 10 5 3 -1 143
0 15 10 6 2 -1 142
0 14 8 6 0 -1 141
0 12 10 4 3 -1 140
0 15 9 4 3 -1 139
0 14 11 6 0 -1 138
0 13 11 6 2 -1 137
0 12 10 4 3 -1 136
0 14 8 6 0 -1 135
0 12 10 6 0 -1 134
0 15 10 7 3 -1 133
0 15 8 4 3 -1 132
0 12 11 7 1 -1 131
0 12 8 5 0 -1 130
0 15 9 4 0 -1 129
0 13 11 7 2 -1 128
0 15 9 5 2 -1 127
0 15 11 4 1 -1 125
0 12 10 6 1 -1 123
0 14 9 5 0 -1 121
0 15 8 5 2 -1 119
0 13 11 5 3 -1 117
0 14 10 7 1 -1 115
0 14 9 7 0 -1 113
0 14 11 6 2 -1 111
0 14 11 5 3 -1 109
0 13 8 6 2 -1 107
0 12 10 7 0 -1 105
0 13 8 4 2 -1 103
0 15 10 5 1 -1 101
0 12 10 6 2 -1 99
0 15 8 7 0 -1 97
0 13 10 5 0 -1 95
0 12 8 4 1 -1 93
0 12 10 5 3 -1 91
0 13 11 6 2 -1 89
0 13 10 5 1 -1 87
0 12 10 5 2 -1 85
0 13 8 4 0 -1 83
0 13 9 5 0 -1 81
0 12 9 6 1 -1 79
0 14 9 6 1 -1 77
0 15 11 6 1 -1 75
0 13 11 7 0 -1 73
0 12 11 4 3 -1 71
0 15 10 7 0 -1 69
0 13 9 5 3 -1 67
0 14 11 5 2 -1 65
0 14 9 6 1 -1 63
0 13 11 5 2 -1 61
0 14 9 7 3 -1 59
0 13 9 7 2 -1 57
0 14 8 5 0 -1 55
0 15 9 5 3 -1 53
0 15 8 4 0 -1 51
0 15 11 6 3 -1 49
0 12 8 7 1 -1 47
0 13 9 4 3 -1 45
0 14 9 6 0 -1 43
0 13 8 6 0 -1 41
0 14 10 7 3 -1 39
0 14 11 6 0 -1 37
0 15 9 7 2 -1 35
0 14 10 4 1 -1 33
0 15 9 4 0 -1 31
0 14 11 6 0 -1 29
0 12 10 5 0 -1 27
0 14 10 7 2 -1 25
0 13 8 7 1 -1 23
0 12 9 5 2 -1 21
0 12 11 7 1 -1 19
0 15 9 6 1 -1 17
0 12 11 4 2 -1 15
0 14 8 7 1 -1 13
0 13 11 6 3 -1 11
0 12 8 5 2 -1 9
0 14 11 7 0 -1 7
0 15 11 5 2 -1 5
0 14 9 7 0 -1 3
0 12 10 6 0 -1 1
-1
