4
256
0 3 -1 255
0 1 -1 254
0 0 -1 253
0 3 -1 252
0 1 -1 251
0 2 -1 250
0 3 -1 249
0 1 -1 248
0 2 -1 247
0 2 -1 246
0 1 -1 245
0 1 -1 244
0 3 -1 243
0 1 -1 242
0 0 -1 241
0 0 -1 240
0 3 -1 239
0 2 -1 238
0 2 -1 237
0 0 -1 236
0 1 -1 235
0 3 -1 234
0 0 -1 233
0 0 -1 232
0 0 -1 231
0 0 -1 230
0 3 -1 229
0 1 -1 228
0 1 -1 227
0 2 -1 226
0 1 -1 225
0 1 -1 224
0 1 -1 223
0 2 -1 222
0 3 -1 221
0 2 -1 220
0 0 -1 219
0 3 -1 218
0 1 -1 217
0 1 -1 216
0 3 -1 215
0 2 -1 214
0 3 -1 213
0 3 -1 212
0 3 -1 211
0 0 -1 210
0 2 -1 209
0 0 -1 208
0 3 -1 207
0 2 -1 206
0 1 -1 205
0 0 -1 204
0 1 -1 203
0 2 -1 202
0 1 -1 201
0 2 -1 200
0 0 -1 199
0 1 -1 198
0 1 -1 197
0 1 -1 196
0 1 -1 195
0 1 -1 194
0 0 -1 193
0 0 -1 192
0 3 -1 191
0 3 -1 190
0 0 -1 189
0 1 -1 188
0 2 -1 187
0 3 -1 186
0 2 -1 185
0 2 -1 184
0 1 -1 183
0 1 -1 182
0 1 -1 181
0 1 -1 180
0 3 -1 179
0 3 -1 178
0 3 -1 177
0 2 -1 176
0 3 -1 175
0 2 -1 174
0 1 -1 173
0 3 -1 172
0 2 -1 171
0 1 -1 170
0 3 -1 169
0 2 -1 168
0 1 -1 167
0 3 -1 166
0 2 -1 165
0 0 -1 164
0 1 -1 163
0 0 -1 162
0 2 -1 161
0 1 -1 160
0 0 -1 159
0 3 -1 158
0 3 -1 157
0 0 -1 156
0 1 -1 155
0 3 -1 154
0 1 -1 153
0 1 -1 152
0 1 -1 151
0 2 -1 150
0 3 -1 149
0 2 -1 148
0 0 -1 147
0 3 -1 146
0 3 -1 145
0 2 -1 144
0 0 -1 143
0 3 -1 142
0 3 -1 141
0 3 -1 140
0 3 -1 139
0 2 -1 138
0 2 -1 137
0 0 -1 136
0 2 -1 135
0 3 -1 134
0 2 -1 133
0 0 -1 132
0 3 -1 131
0 2 -1 130
0 2 -1 129
0 2 -1 128
0 1 -1 127
0 1 -1 125
0 0 -1 123
0 3 -1 121
0 3 -1 119
0 1 -1 117
0 1 -1 115
0 0 -1 113
0 3 -1 111
0 1 -1 109
0 2 -1 107
0 1 -1 105
0 1 -1 103
0 3 -1 101
0 2 -1 99
0 1 -1 97
0 3 -1 95
0 0 -1 93
0 2 -1 91
0 3 -1 89
0 0 -1 87
0 3 -1 85
0 3 -1 83
0 2 -1 81
0 2 -1 79
0 2 -1 77
0 2 -1 75
0 2 -1 73
0 1 -1 71
0 1 -1 69
0 3 -1 67
0 0 -1 65
0 2 -1 63
0 2 -1 61
0 3 -1 59
0 3 -1 57
0 0 -1 55
0 2 -1 53
0 2 -1 51
0 3 -1 49
0 2 -1 47
0 3 -1 45
0 1 -1 43
0 3 -1 41
0 3 -1 39
0 1 -1 37
0 3 -1 35
0 0 -1 33
0 3 -1 31
0 0 -1 29
0 3 -1 27
0 0 -1 25
0 1 -1 23
0 3 -1 21
0 0 -1 19
0 2 -1 17
0 2 -1 15
0 3 -1 13
0 2 -1 11
0 2 -1 9
0 3 -1 7
0 0 -1 5
0 1 -1 3
0 0 -1 1
-1
