64
256
0 60 59 52 50 44 40 38 35 30 26 23 19 14 11 4 1 -1 255
0 60 59 52 50 46 41 37 33 30 26 22 18 14 10 7 3 -1 254
0 63 58 52 49 45 41 38 33 31 24 23 16 12 9 6 1 -1 253
0 63 57 55 48 45 40 36 35 29 27 23 16 13 10 7 0 -1 252
0 62 57 54 49 47 41 38 34 31 25 22 19 12 8 7 3 -1 251
0 62 59 52 49 47 42 39 34 30 27 20 18 15 9 6 2 -1 250
0 62 59 53 49 47 42 39 32 28 24 20 18 15 9 6 0 -1 249
0 61 59 54 50 47 41 39 32 29 26 20 17 14 8 6 0 -1 248
0 63 59 54 50 45 41 39 33 30 25 22 18 15 9 4 2 -1 247
0 60 59 52 48 44 40 39 34 31 24 21 17 15 8 4 0 -1 246
0 63 59 52 50 47 40 37 33 31 25 20 19 14 9 7 3 -1 245
0 62 57 52 49 45 43 37 35 28 25 23 18 15 11 6 3 -1 244
0 60 59 54 49 45 41 36 32 31 24 22 18 15 9 7 1 -1 243
0 62 58 52 51 47 43 37 33 31 24 23 17 13 10 5 3 -1 242
0 62 58 55 51 47 43 36 32 31 27 23 17 12 9 6 2 -1 241
0 63 56 52 48 47 40 38 35 29 24 23 18 13 11 6 2 -1 240
0 63 59 54 49 44 40 39 33 28 27 22 19 13 11 7 0 -1 239
0 63 59 54 51 46 42 36 35 29 25 21 16 15 10 4 1 -1 238
0 61 59 55 49 45 42 39 32 29 24 21 18 15 10 7 0 -1 237
0 60 59 55 51 45 43 36 35 28 27 21 19 13 10 7 3 -1 236
0 63 57 55 48 44 42 39 33 28 26 20 16 12 11 4 0 -1 235
0 61 57 53 51 46 41 39 32 29 25 22 19 13 10 6 1 -1 234
0 62 56 55 50 44 41 36 35 28 26 23 19 14 11 4 1 -1 233
0 60 58 52 48 44 42 37 34 30 27 22 16 14 10 5 0 -1 232
0 63 57 52 49 46 42 36 35 28 26 22 18 14 8 4 0 -1 231
0 61 56 55 48 44 43 36 34 28 25 20 19 13 9 7 3 -1 230
0 63 57 53 51 45 42 38 33 31 24 22 19 14 10 6 0 -1 229
0 62 59 54 48 46 40 36 33 30 27 23 18 15 8 7 0 -1 228
0 61 57 55 48 45 42 37 32 29 26 21 17 12 8 6 0 -1 227
0 61 58 53 50 44 43 39 32 30 25 21 19 12 9 4 1 -1 226
0 60 57 52 51 46 43 37 32 28 25 23 18 12 8 6 2 -1 225
0 61 58 54 50 45 41 37 33 30 27 23 18 14 8 6 0 -1 224
0 61 59 52 50 47 43 38 32 31 26 23 16 14 10 5 0 -1 223
0 60 59 52 49 47 42 36 33 29 24 21 17 14 10 6 1 -1 222
0 62 57 54 48 44 42 37 32 28 27 21 18 14 8 7 1 -1 221
0 61 58 53 48 46 43 38 35 31 25 23 17 13 11 4 3 -1 220
0 63 57 52 50 47 43 37 33 29 27 20 17 12 11 5 2 -1 219
0 63 59 53 50 45 41 39 33 31 26 23 18 14 8 4 1 -1 218
0 63 59 55 50 46 42 37 32 31 24 22 16 13 11 5 2 -1 217
0 62 58 55 48 44 40 36 32 29 27 20 19 15 10 5 3 -1 216
0 61 57 53 50 44 42 36 32 29 27 23 18 15 8 7 0 -1 215
0 62 59 52 50 44 40 39 33 30 24 22 19 14 8 5 2 -1 214
0 60 56 52 50 45 40 37 34 30 27 20 19 15 11 5 3 -1 213
0 60 59 52 49 44 42 38 35 29 26 20 17 13 11 6 3 -1 212
0 62 58 52 48 44 40 39 34 31 25 20 17 12 11 4 0 -1 211
0 60 56 55 48 45 40 38 32 30 24 23 17 13 8 5 2 -1 210
0 62 57 55 51 47 40 38 32 30 27 23 17 14 9 6 3 -1 209
0 60 59 52 51 47 41 39 33 30 24 21 18 15 9 4 1 -1 208
0 60 57 54 51 47 41 36 35 31 27 22 18 12 8 6 1 -1 207
0 62 59 54 48 47 43 38 33 30 24 21 17 14 11 6 3 -1 206
0 62 59 54 50 44 42 37 33 31 27 21 19 15 8 7 1 -1 205
0 63 56 52 48 47 42 37 32 31 27 20 18 13 9 6 0 -1 204
0 63 57 52 51 44 41 38 32 29 26 20 18 12 11 7 3 -1 203
0 63 58 54 49 45 41 36 32 29 27 22 19 12 9 4 2 -1 202
0 63 58 55 49 46 41 39 35 29 26 23 17 13 9 7 3 -1 201
0 62 58 53 49 44 42 37 33 28 25 23 16 13 8 4 2 -1 200
0 61 56 53 48 45 43 36 33 28 26 20 18 15 9 7 1 -1 199
0 62 59 52 48 46 42 38 34 29 25 20 18 13 10 5 3 -1 198
0 62 57 52 51 47 41 36 34 31 24 20 18 15 11 7 1 -1 197
0 61 57 52 48 47 41 36 33 31 27 20 19 12 11 6 1 -1 196
0 62 58 54 51 47 42 36 32 28 27 23 16 15 11 5 0 -1 195
0 63 58 54 49 45 43 38 35 30 24 22 19 14 9 6 2 -1 194
0 61 58 55 48 45 43 37 35 30 26 20 17 13 11 7 1 -1 193
0 63 58 55 49 46 40 36 33 29 24 22 19 12 8 4 3 -1 192
0 62 59 55 50 46 40 39 35 31 24 22 18 13 10 6 2 -1 191
0 60 58 54 50 46 43 37 34 29 25 20 18 15 8 7 3 -1 190
0 62 56 55 51 47 43 39 34 28 27 20 17 15 9 5 2 -1 189
0 62 57 52 49 46 42 38 34 31 24 22 19 14 11 5 0 -1 188
0 63 56 53 50 44 41 37 33 29 24 20 17 15 9 5 0 -1 187
0 62 56 53 51 44 40 39 32 31 24 21 19 15 11 7 1 -1 186
0 61 59 53 50 45 40 38 32 30 27 23 16 14 9 6 3 -1 185
0 62 56 55 48 45 43 39 35 29 27 20 17 12 10 6 1 -1 184
0 60 56 54 48 47 42 38 32 28 26 23 16 15 10 4 2 -1 183
0 61 56 55 50 46 43 36 32 29 24 21 18 14 10 6 1 -1 182
0 61 58 54 51 44 41 37 32 28 25 22 16 13 10 5 2 -1 181
0 62 56 52 49 46 43 38 35 28 26 21 18 14 8 7 1 -1 180
0 63 58 54 51 47 42 39 34 31 27 21 17 15 9 5 0 -1 179
0 60 56 55 49 46 40 38 33 30 27 20 18 14 9 7 0 -1 178
0 60 59 55 48 47 41 39 35 29 26 22 19 14 8 4 3 -1 177
0 61 59 55 50 44 41 37 34 31 25 20 18 13 8 5 3 -1 176
0 60 57 54 50 46 43 37 33 29 25 22 16 15 10 5 1 -1 175
0 61 56 54 50 46 40 36 32 28 27 21 16 13 10 6 2 -1 174
0 62 59 55 50 47 43 39 32 28 27 21 17 13 8 5 2 -1 173
0 62 58 53 50 47 40 37 32 29 24 20 19 13 10 7 2 -1 172
0 61 56 53 50 44 43 39 32 29 24 22 19 13 10 4 0 -1 171
0 61 59 54 49 46 40 37 35 31 27 21 16 14 11 4 3 -1 170
0 61 56 54 49 45 42 36 33 30 26 21 18 13 8 5 1 -1 169
0 62 59 55 49 47 42 38 34 28 26 23 17 14 11 4 0 -1 168
0 61 58 55 49 45 42 36 33 30 27 20 19 15 11 5 3 -1 167
0 60 58 55 50 47 43 36 32 30 24 21 17 12 9 4 1 -1 166
0 62 58 55 51 45 42 37 33 31 25 20 19 15 9 7 1 -1 165
0 61 57 53 50 47 41 36 34 31 26 20 17 14 11 5 3 -1 164
0 61 56 55 49 46 40 37 34 30 26 22 16 14 11 5 1 -1 163
0 61 56 55 51 44 41 39 34 30 25 20 18 15 8 5 2 -1 162
0 61 56 53 49 46 41 37 35 30 24 22 17 12 11 5 3 -1 161
0 63 57 53 48 45 41 37 32 30 26 22 19 14 11 4 2 -1 160
0 61 57 55 51 45 42 36 35 28 24 21 17 12 9 4 3 -1 159
0 60 58 55 49 46 43 37 34 30 27 22 17 12 8 6 0 -1 158
0 61 56 53 51 45 42 39 32 31 26 22 16 13 8 7 2 -1 157
0 61 56 54 51 45 41 37 35 28 24 20 18 15 8 6 0 -1 156
0 61 58 52 48 47 41 38 34 29 26 20 16 14 11 4 0 -1 155
0 62 58 52 51 45 41 39 35 29 25 23 18 12 8 4 3 -1 154
0 62 59 55 48 44 43 39 33 30 25 20 19 14 9 5 0 -1 153
0 60 56 53 48 44 40 38 35 28 25 22 19 14 9 7 0 -1 152
0 63 59 55 51 45 40 39 34 28 26 22 19 12 9 6 3 -1 151
0 60 58 54 51 47 42 38 32 30 24 23 19 15 10 4 0 -1 150
0 63 59 53 49 47 41 38 32 30 27 20 19 13 9 7 0 -1 149
0 63 58 55 49 45 43 37 35 28 25 21 17 14 10 6 2 -1 148
0 62 56 52 49 45 42 38 35 28 25 20 19 15 10 4 3 -1 147
0 62 58 55 48 46 43 38 33 28 27 21 17 14 10 5 2 -1 146
0 60 58 55 50 46 41 38 34 29 25 22 16 14 9 5 1 -1 145
0 63 57 52 50 44 42 39 32 29 26 22 16 12 10 7 0 -1 144
0 62 57 52 50 47 40 39 33 29 25 22 16 15 9 7 1 -1 143
0 60 57 53 50 44 40 39 35 29 26 22 16 15 8 5 3 -1 142
0 62 58 52 50 44 43 36 35 31 25 20 19 13 8 7 0 -1 141
0 63 56 54 50 47 41 38 35 29 27 21 17 12 11 6 1 -1 140
0 60 58 53 50 46 40 38 33 30 26 20 18 12 10 7 1 -1 139
0 62 58 53 51 46 42 36 32 30 27 20 16 13 9 5 2 -1 138
0 60 59 54 50 46 42 39 35 29 26 22 19 14 9 7 0 -1 137
0 63 59 55 51 45 40 38 33 28 24 21 16 12 9 5 3 -1 136
0 60 59 55 49 44 43 39 35 30 27 20 17 14 11 6 0 -1 135
0 62 56 52 48 47 41 37 32 31 25 22 19 14 11 6 2 -1 134
0 60 56 53 51 46 41 39 34 28 24 20 18 13 9 7 0 -1 133
0 60 57 52 48 47 43 39 35 28 24 22 18 14 8 5 2 -1 132
0 60 57 55 50 46 42 36 32 30 25 20 16 14 11 4 0 -1 131
0 61 57 52 51 46 43 39 32 29 25 22 18 12 11 5 1 -1 130
0 63 56 55 49 46 40 38 32 28 27 23 17 15 11 7 1 -1 129
0 60 57 53 48 44 41 38 33 29 27 23 19 14 8 5 3 -1 128
0 61 56 54 50 45 40 37 34 28 24 22 17 12 11 7 1 -1 127
0 60 56 52 50 45 43 39 33 29 26 21 19 15 11 7 1 -1 125
0 63 58 54 48 46 40 39 34 28 26 21 17 12 10 5 1 -1 123
0 63 59 53 49 47 42 38 35 28 27 23 18 15 8 4 3 -1 121
0 60 58 55 50 47 41 36 32 28 24 20 17 14 9 6 0 -1 119
0 61 58 52 49 47 42 37 34 30 27 20 18 13 10 6 3 -1 117
0 61 59 55 51 47 42 37 33 28 24 22 17 12 9 7 1 -1 115
0 62 58 53 48 46 42 36 35 31 25 20 16 15 8 7 2 -1 113
0 61 58 55 50 47 41 38 32 28 27 21 16 14 10 7 3 -1 111
0 62 57 53 48 45 43 38 32 29 27 20 18 14 11 4 1 -1 109
0 60 56 52 50 45 42 36 35 31 25 20 19 13 11 7 1 -1 107
0 61 58 55 50 47 40 39 35 29 27 23 17 15 8 5 2 -1 105
0 63 56 55 51 46 40 36 34 31 24 22 18 12 10 6 2 -1 103
0 60 58 53 51 47 42 37 35 28 24 20 18 13 8 5 1 -1 101
0 60 59 55 48 44 42 37 35 29 24 23 17 12 9 5 0 -1 99
0 60 58 53 48 45 41 37 32 30 27 21 16 12 9 7 3 -1 97
0 61 59 54 48 47 40 37 32 30 25 20 16 13 8 7 3 -1 95
0 63 59 55 48 46 42 37 32 29 26 23 18 12 10 4 3 -1 93
0 62 58 53 50 47 43 39 32 31 27 23 17 14 10 5 2 -1 91
0 63 56 55 48 47 40 37 32 28 26 20 16 12 10 4 3 -1 89
0 63 56 54 49 44 42 36 32 30 24 20 17 14 9 7 1 -1 87
0 63 58 55 48 45 41 37 35 28 26 20 17 13 9 4 3 -1 85
0 62 56 53 48 45 40 38 34 28 26 22 16 15 10 6 1 -1 83
0 63 58 52 50 44 43 36 34 29 26 20 18 12 10 7 1 -1 81
0 60 56 53 50 47 42 39 34 29 27 21 19 12 8 7 0 -1 79
0 63 58 52 50 45 40 36 33 30 26 21 18 15 11 6 0 -1 77
0 62 57 55 48 47 40 37 34 28 24 22 18 13 8 6 1 -1 75
0 62 58 52 48 45 43 38 34 28 26 20 17 13 8 4 0 -1 73
0 63 58 52 50 44 42 37 32 29 26 22 16 13 11 7 3 -1 71
0 60 58 53 48 46 43 36 33 28 25 21 18 15 9 7 3 -1 69
0 60 56 54 48 47 42 39 35 29 24 22 19 15 8 4 3 -1 67
0 61 57 53 48 46 40 39 35 30 27 23 17 12 10 5 1 -1 65
0 61 59 55 48 44 43 37 34 29 27 21 17 14 8 7 1 -1 63
0 60 59 55 48 46 40 39 34 29 25 23 17 12 11 7 0 -1 61
0 62 59 53 50 47 41 39 33 30 26 22 17 13 9 4 1 -1 59
0 60 59 52 48 47 41 36 32 30 26 20 19 14 11 7 1 -1 57
0 60 59 52 48 47 41 39 35 29 27 23 19 15 9 4 1 -1 55
0 60 57 54 49 47 40 36 33 30 27 21 18 12 10 7 0 -1 53
0 61 56 54 48 47 40 37 34 31 26 20 19 14 9 7 0 -1 51
0 63 56 53 50 46 41 36 35 31 24 23 19 14 8 6 1 -1 49
0 60 57 53 48 45 43 36 34 29 27 21 16 15 8 6 2 -1 47
0 62 56 54 49 45 41 38 34 29 26 21 19 13 8 6 1 -1 45
0 63 56 54 48 45 41 38 34 31 26 22 17 15 9 4 0 -1 43
0 61 57 55 50 47 41 39 34 29 25 21 18 13 11 4 3 -1 41
0 61 58 54 51 46 43 39 33 31 27 20 19 12 8 7 2 -1 39
0 61 56 53 49 44 40 36 35 29 24 23 17 13 9 6 0 -1 37
0 62 58 52 49 47 43 37 33 30 27 21 16 13 11 4 3 -1 35
0 61 57 55 49 47 40 38 34 28 26 22 19 13 11 5 1 -1 33
0 61 57 54 48 46 40 39 35 31 27 23 19 12 9 6 3 -1 31
0 62 59 55 48 45 43 37 32 28 27 23 18 14 8 4 0 -1 29
0 60 58 53 51 44 43 39 35 29 26 23 18 12 9 6 1 -1 27
0 60 56 53 48 45 43 38 34 28 27 21 18 14 8 4 1 -1 25
0 61 59 53 49 45 40 36 32 31 26 23 18 13 11 4 3 -1 23
0 60 56 52 49 47 41 37 33 28 27 23 18 14 11 6 0 -1 21
0 63 56 52 51 46 41 38 32 28 27 20 16 13 8 6 1 -1 19
0 63 58 55 51 46 43 37 34 31 25 21 18 13 8 4 3 -1 17
0 61 59 55 49 46 41 38 35 31 26 20 16 15 11 7 1 -1 15
0 62 56 52 51 47 42 36 35 30 25 23 18 14 9 6 0 -1 13
0 61 59 52 49 45 43 36 32 30 24 23 19 12 11 5 2 -1 11
0 61 58 55 49 45 43 39 34 31 26 20 19 12 9 6 0 -1 9
0 60 58 52 48 46 40 39 33 29 26 20 18 14 10 6 3 -1 7
0 63 59 53 50 45 42 38 33 28 24 22 19 12 8 7 3 -1 5
0 60 57 54 50 44 40 37 32 30 26 20 18 12 9 5 3 -1 3
0 63 59 53 48 45 40 39 33 29 27 23 19 14 11 7 3 -1 1
-1
