32
16
0 31 29 26 25 23 20 19 16 14 13 10 8 7 5 2 0 -1 15
0 31 29 27 25 23 21 19 17 14 12 11 9 6 5 2 0 -1 14
0 30 29 26 24 22 20 18 17 14 12 11 9 7 5 3 0 -1 13
0 30 29 26 25 22 20 19 17 14 12 10 9 7 4 2 0 -1 12
0 30 29 26 24 22 20 19 17 14 13 11 8 7 5 3 1 -1 11
0 30 29 27 25 22 21 19 16 14 12 11 8 7 4 3 1 -1 10
0 30 29 27 24 22 20 18 16 15 13 10 8 7 4 2 1 -1 9
0 31 29 27 24 22 21 18 16 14 12 11 8 6 5 2 0 -1 8
0 31 28 27 24 22 20 19 17 15 13 11 9 6 5 3 1 -1 7
0 30 28 27 24 22 20 18 17 14 12 11 8 6 5 2 1 -1 6
0 31 28 26 24 23 20 19 17 15 12 10 9 7 4 2 0 -1 5
0 30 28 26 24 22 21 18 16 14 12 10 8 6 5 3 0 -1 4
0 30 29 27 24 23 21 18 16 15 13 11 9 6 4 2 0 -1 3
0 31 28 26 24 22 21 19 17 14 13 10 8 7 4 2 0 -1 2
0 31 29 26 24 23 20 19 16 14 12 10 9 7 5 3 0 -1 1
0 31 28 27 24 23 21 18 17 15 13 11 8 6 4 3 1 -1 0
-1
