16
256
0 15 14 12 10 9 8 6 5 4 3 2 1 -1 255
0 15 13 12 11 9 8 7 6 5 3 1 0 -1 251
0 15 14 13 11 10 8 7 5 4 3 2 0 -1 247
0 15 13 12 11 9 8 7 6 4 3 2 1 -1 243
0 14 13 12 11 10 9 7 6 4 3 2 0 -1 239
0 14 13 12 10 9 8 7 6 4 2 1 0 -1 235
0 15 13 12 11 10 9 7 6 4 3 1 0 -1 231
0 15 14 12 11 10 8 7 5 4 3 1 0 -1 227
0 15 14 13 11 10 8 7 5 4 2 1 0 -1 223
0 15 14 12 10 9 8 7 6 4 3 2 1 -1 219
0 15 14 13 10 9 8 7 5 4 3 2 0 -1 215
0 15 13 12 11 10 8 6 5 4 3 2 0 -1 211
0 14 13 12 11 10 9 6 5 4 2 1 0 -1 207
0 14 13 12 10 9 8 7 6 4 3 2 1 -1 203
0 15 14 13 11 9 8 6 5 4 3 1 0 -1 199
0 15 13 12 11 9 8 7 5 4 3 2 1 -1 195
0 15 14 13 11 9 8 7 6 5 3 2 0 -1 191
0 15 14 12 10 9 8 7 5 4 3 2 1 -1 187
0 15 14 12 11 10 8 7 6 4 3 2 1 -1 183
0 15 13 12 11 10 8 7 6 5 2 1 0 -1 179
0 14 13 12 11 10 8 6 5 4 3 1 0 -1 175
0 15 14 12 11 10 9 7 6 5 2 1 0 -1 171
0 15 13 12 11 10 8 7 6 4 3 1 0 -1 167
0 15 14 12 11 10 8 7 6 4 3 2 0 -1 163
0 15 14 12 10 9 8 7 6 5 3 2 1 -1 159
0 14 13 12 10 9 8 7 6 5 3 1 0 -1 155
0 15 13 12 11 9 8 6 5 4 3 2 1 -1 151
0 14 13 12 11 10 9 7 6 5 3 2 1 -1 147
0 14 13 12 11 10 9 7 6 4 2 1 0 -1 143
0 14 13 12 11 10 8 7 5 4 3 2 0 -1 139
0 14 13 12 11 10 9 7 5 4 3 2 0 -1 135
0 14 13 12 11 10 8 7 6 4 3 1 0 -1 131
0 15 14 12 11 10 9 6 5 4 3 2 1 -1 127
0 15 13 12 10 9 8 7 5 4 3 2 1 -1 123
0 15 14 13 11 10 9 7 6 4 3 1 0 -1 119
0 14 13 12 11 10 8 6 5 4 3 2 0 -1 115
0 15 13 12 11 10 8 7 6 4 3 1 0 -1 111
0 14 13 12 11 9 8 7 6 5 3 2 0 -1 107
0 15 14 13 11 9 8 7 6 4 3 1 0 -1 103
0 14 13 12 10 9 8 7 6 4 3 1 0 -1 99
0 15 14 13 11 10 9 6 5 4 3 1 0 -1 95
0 15 13 12 11 10 9 6 5 4 2 1 0 -1 91
0 15 13 12 11 9 8 7 6 4 3 1 0 -1 87
0 15 13 12 11 10 8 7 5 4 3 2 0 -1 83
0 15 13 12 11 9 8 7 6 5 3 2 0 -1 79
0 15 13 12 11 10 8 7 6 5 3 2 0 -1 75
0 15 13 12 11 10 8 6 5 4 3 2 0 -1 71
0 15 14 13 10 9 8 6 5 4 2 1 0 -1 67
0 15 14 13 11 10 8 7 6 4 3 2 0 -1 63
0 14 13 12 10 9 8 7 5 4 3 1 0 -1 59
0 15 14 12 10 9 8 7 6 4 3 2 1 -1 55
0 14 13 12 11 10 8 7 5 4 3 1 0 -1 51
0 15 14 12 10 9 8 7 5 4 3 2 0 -1 47
0 15 14 13 11 10 8 6 5 4 3 2 1 -1 43
0 14 13 12 11 10 8 7 6 4 3 1 0 -1 39
0 15 13 12 10 9 8 7 6 5 3 2 0 -1 35
0 15 14 12 11 10 9 7 6 5 3 1 0 -1 31
0 15 14 13 11 10 9 7 6 4 3 2 1 -1 27
0 14 13 12 11 10 9 7 6 4 3 2 0 -1 23
0 14 13 12 11 9 8 7 6 4 2 1 0 -1 19
0 14 13 12 11 9 8 7 6 5 3 2 0 -1 15
0 15 13 12 10 9 8 7 6 5 3 2 1 -1 11
0 15 14 12 11 10 8 7 6 4 3 2 1 -1 7
0 15 14 13 11 9 8 6 5 4 3 2 1 -1 3
-1
