32
16
0 31 29 28 27 25 24 22 21 20 18 17 16 14 13 12 11 10 9 6 5 4 2 1 0 -1 15
0 31 30 28 27 26 25 22 21 20 18 17 16 14 13 12 10 9 8 6 5 4 2 1 0 -1 14
0 31 29 28 27 26 25 23 22 21 19 17 16 15 14 12 11 9 8 7 5 4 3 1 0 -1 13
0 31 29 28 26 25 24 23 22 21 19 17 16 15 14 12 11 10 9 7 6 5 3 2 1 -1 12
0 31 29 28 27 26 24 23 22 20 19 18 17 15 14 13 10 9 8 6 5 4 2 1 0 -1 11
0 30 29 28 27 26 24 23 22 21 18 17 16 15 13 12 11 10 8 7 6 5 3 2 0 -1 10
0 31 30 29 27 26 25 23 21 20 19 18 16 15 14 13 10 9 8 7 5 4 3 1 0 -1 9
0 30 29 28 27 26 24 23 22 21 19 18 17 15 14 12 11 9 8 7 6 5 3 2 1 -1 8
0 31 30 28 26 25 24 23 22 20 18 17 16 14 13 12 11 9 8 6 5 4 3 2 1 -1 7
0 31 30 29 27 26 25 23 22 21 18 17 16 15 14 13 11 10 9 7 5 4 3 2 0 -1 6
0 31 30 29 27 26 25 23 22 20 18 17 16 15 14 12 11 10 9 7 6 5 3 2 0 -1 5
0 31 30 29 27 25 24 23 22 20 18 17 16 15 14 12 11 9 8 7 6 5 2 1 0 -1 4
0 31 29 28 26 25 24 23 21 20 19 18 17 14 13 12 11 10 8 6 5 4 3 1 0 -1 3
0 30 29 28 27 26 24 23 22 20 19 17 16 15 14 12 11 10 9 6 5 4 3 2 0 -1 2
0 31 30 28 27 25 24 22 21 20 19 17 16 15 13 12 11 10 9 7 6 5 3 1 0 -1 1
0 31 30 29 26 25 24 22 21 20 19 18 16 15 14 12 11 9 8 7 6 4 3 1 0 -1 0
-1
