64
256
0 63 62 61 59 58 57 55 54 53 51 50 49 47 46 45 43 41 40 39 38 37 35 34 32 31 30 28 27 26 25 23 21 20 18 17 16 15 14 13 10 9 8 7 6 5 3 2 0 -1 255
0 63 61 60 59 58 56 55 54 53 51 49 48 47 46 45 42 41 40 39 38 37 35 34 33 31 30 28 27 25 24 23 21 20 19 18 17 15 14 13 11 10 9 6 5 4 3 1 0 -1 254
0 62 61 60 58 57 56 55 54 52 51 50 49 47 46 45 42 41 40 39 37 36 35 34 33 31 30 28 26 25 24 23 22 20 19 18 16 15 14 13 11 10 8 7 5 4 3 2 0 -1 253
0 63 62 60 59 58 56 55 54 52 51 50 48 46 45 44 42 41 40 39 38 37 35 33 32 31 30 29 27 25 24 23 21 20 19 18 16 15 14 12 10 9 8 7 5 4 3 2 0 -1 252
0 63 61 60 59 58 56 55 54 52 51 50 49 47 45 44 43 42 41 39 37 36 35 34 33 31 29 28 27 26 25 23 22 21 19 17 16 15 14 12 11 9 8 7 6 4 3 2 0 -1 251
0 63 62 60 59 58 56 55 53 52 51 50 49 46 45 44 42 41 40 39 38 37 34 33 32 31 30 28 27 26 24 23 21 20 18 17 16 15 13 12 10 9 8 6 5 4 2 1 0 -1 250
0 62 61 60 59 58 56 55 54 53 51 50 49 47 46 45 43 42 41 39 38 37 35 34 33 31 30 28 27 25 24 22 21 20 19 18 17 15 14 12 11 9 8 6 5 4 3 1 0 -1 249
0 63 62 61 59 57 56 54 53 52 51 49 48 47 46 44 43 42 40 38 37 36 35 34 33 30 29 28 27 26 25 23 22 21 18 17 16 15 14 13 10 9 8 7 6 4 3 2 0 -1 248
0 63 62 60 59 58 57 55 53 52 51 50 48 46 45 44 43 41 40 38 37 36 34 33 32 31 29 28 27 26 24 22 21 20 18 17 16 15 13 12 11 9 8 7 6 4 2 1 0 -1 247
0 62 61 60 59 58 57 54 53 52 50 49 48 47 45 44 43 41 40 38 37 36 35 34 33 31 30 29 26 25 24 23 22 20 19 18 17 15 14 12 11 10 9 7 5 4 3 2 0 -1 246
0 63 62 61 58 57 56 55 54 53 51 49 48 46 45 44 43 42 40 39 37 36 35 34 32 31 30 28 27 26 25 23 22 20 19 18 17 15 13 12 11 10 8 7 6 5 3 2 0 -1 245
0 63 62 61 58 57 56 54 53 52 51 50 48 47 46 45 42 41 40 39 37 36 35 34 32 30 29 28 26 25 24 23 22 20 19 18 17 14 13 12 11 10 9 6 5 4 2 1 0 -1 244
0 63 62 61 59 57 56 55 53 52 51 50 48 47 45 44 43 42 41 38 37 36 35 33 32 31 30 29 26 25 24 22 21 20 19 18 17 15 14 13 11 9 8 7 5 4 3 2 0 -1 243
0 62 61 60 59 58 57 55 53 52 51 49 48 46 45 44 43 41 40 39 38 36 35 33 32 31 30 28 27 26 24 23 22 21 19 18 17 15 13 12 11 10 9 6 5 4 3 2 1 -1 242
0 63 62 61 58 57 56 54 53 52 50 49 48 47 46 44 43 42 40 39 38 37 34 33 32 30 29 28 26 25 24 22 21 20 19 18 17 15 14 13 11 9 8 7 6 4 3 2 1 -1 241
0 63 62 60 58 57 56 55 54 52 51 50 48 47 46 44 42 41 40 39 38 36 34 33 32 31 30 29 27 25 24 23 22 20 19 18 17 14 13 12 10 9 8 7 6 4 2 1 0 -1 240
0 62 61 60 59 58 56 54 53 52 51 50 49 47 45 44 42 41 40 39 38 36 35 34 33 30 29 28 27 26 24 23 22 20 19 18 17 15 14 12 10 9 8 7 5 4 3 2 0 -1 239
0 63 62 60 59 58 57 55 54 53 51 49 48 46 45 44 43 41 40 39 38 37 34 33 32 31 29 28 27 26 25 23 22 21 19 18 17 15 14 12 10 9 8 7 6 5 2 1 0 -1 238
0 63 62 60 59 58 56 55 54 52 51 50 48 47 45 44 43 42 40 39 38 36 35 34 32 31 29 28 27 26 25 23 22 21 19 17 16 15 14 13 11 10 8 7 6 5 3 1 0 -1 237
0 63 61 60 59 58 57 55 54 52 51 50 48 47 46 44 43 42 41 38 37 36 35 33 32 31 30 29 27 26 24 23 21 20 19 18 17 15 14 12 11 10 9 7 6 4 3 1 0 -1 236
0 63 62 60 59 58 56 54 53 52 50 49 48 47 46 45 43 42 40 39 38 37 34 33 32 31 29 28 27 25 24 23 21 20 18 17 16 15 14 13 10 9 8 6 5 4 3 2 1 -1 235
0 63 61 60 59 58 57 55 54 53 51 50 49 46 45 44 43 42 40 38 37 36 34 33 32 31 29 28 26 25 24 22 21 20 18 17 16 15 14 13 11 10 8 7 5 4 2 1 0 -1 234
0 63 61 60 58 57 56 55 53 52 50 49 48 47 45 44 43 42 40 39 38 36 35 34 32 30 29 28 26 25 24 23 22 20 18 17 16 14 13 12 11 10 9 7 6 4 3 2 0 -1 233
0 63 61 60 58 57 56 55 53 52 51 50 49 47 46 45 43 42 40 39 37 36 34 33 32 30 29 28 27 26 24 22 21 20 19 17 16 15 14 12 11 9 8 7 6 5 2 1 0 -1 232
0 63 61 60 59 58 57 55 54 52 50 49 48 47 46 44 43 42 40 39 38 37 35 34 33 31 30 28 27 26 24 22 21 20 18 17 16 15 14 12 11 9 8 6 5 4 3 2 0 -1 231
0 63 62 60 58 57 56 55 54 52 51 50 48 47 45 44 43 42 40 39 37 36 34 33 32 30 29 28 26 25 24 22 21 20 19 17 16 14 13 12 11 10 9 7 6 5 2 1 0 -1 230
0 63 62 61 59 57 56 55 54 52 50 49 48 47 45 44 43 42 40 39 37 36 35 33 32 31 30 28 27 26 25 23 21 20 19 18 17 14 13 12 11 10 8 7 6 5 3 2 1 -1 229
0 63 62 61 59 58 56 55 54 52 51 49 48 47 46 45 43 42 41 39 38 36 35 33 32 30 29 28 27 26 25 23 21 20 18 17 16 14 13 12 11 10 9 7 6 5 3 1 0 -1 228
0 63 62 60 59 58 57 55 53 52 50 49 48 47 45 44 43 42 41 39 38 37 35 34 33 30 29 28 27 25 24 22 21 20 19 17 16 14 13 12 11 9 8 7 5 4 3 1 0 -1 227
0 63 62 60 59 58 57 55 54 52 51 50 49 47 46 45 43 42 41 39 38 36 34 33 32 31 29 28 26 25 24 23 21 20 18 17 16 15 14 12 11 10 9 7 6 5 3 2 1 -1 226
0 63 61 60 59 58 56 54 53 52 51 50 48 47 46 44 43 42 41 39 38 36 35 34 33 31 29 28 26 25 24 23 22 21 19 17 16 15 13 12 10 9 8 6 5 4 2 1 0 -1 225
0 63 62 61 58 57 56 55 54 52 51 50 48 47 45 44 43 42 40 39 38 37 34 33 32 31 30 28 27 26 25 23 22 21 19 17 16 15 13 12 11 10 8 7 6 4 3 1 0 -1 224
0 62 61 60 59 58 56 54 53 52 51 49 48 47 46 45 43 42 41 38 37 36 35 34 32 31 30 28 27 25 24 22 21 20 19 18 16 15 14 12 10 9 8 6 5 4 3 1 0 -1 223
0 62 61 60 59 58 56 54 53 52 51 50 48 46 45 44 43 41 40 39 38 37 34 33 32 31 30 28 27 25 24 23 22 20 19 17 16 15 14 12 10 9 8 7 6 4 3 1 0 -1 222
0 63 62 61 59 57 56 55 53 52 50 49 48 47 46 44 43 41 40 39 38 37 35 34 33 30 29 28 27 26 24 22 21 20 19 17 16 15 14 12 10 9 8 7 6 4 3 1 0 -1 221
0 63 62 60 59 58 56 55 54 52 51 49 48 46 45 44 43 41 40 38 37 36 35 33 32 31 30 29 27 26 24 23 22 20 19 18 17 15 14 12 11 10 8 7 5 4 3 2 0 -1 220
0 62 61 60 59 57 56 55 54 53 51 49 48 46 45 44 43 41 40 39 38 36 35 34 33 30 29 28 27 26 25 23 21 20 19 17 16 14 13 12 10 9 8 7 6 4 3 2 1 -1 219
0 63 62 61 59 58 56 54 53 52 51 49 48 47 45 44 43 42 41 39 38 36 35 34 32 30 29 28 27 26 24 23 21 20 19 17 16 15 14 13 11 10 9 6 5 4 2 1 0 -1 218
0 62 61 60 59 58 57 55 54 52 51 49 48 47 45 44 43 41 40 39 37 36 35 34 33 31 29 28 26 25 24 22 21 20 19 17 16 15 14 13 11 9 8 7 5 4 2 1 0 -1 217
0 63 61 60 59 58 57 55 54 53 51 50 49 47 45 44 43 42 41 38 37 36 34 33 32 31 30 29 27 25 24 22 21 20 19 17 16 15 14 13 11 9 8 6 5 4 3 2 1 -1 216
0 63 62 61 59 58 57 55 53 52 51 50 48 47 46 44 42 41 40 38 37 36 35 34 33 31 29 28 27 25 24 23 22 20 19 18 17 15 14 13 11 9 8 7 6 5 3 2 0 -1 215
0 62 61 60 59 58 56 55 53 52 51 49 48 47 46 45 42 41 40 39 37 36 35 33 32 31 30 29 27 26 25 23 22 21 19 17 16 15 14 13 11 10 8 7 6 4 3 2 0 -1 214
0 62 61 60 59 58 56 54 53 52 51 49 48 47 46 45 43 42 41 39 37 36 35 34 33 31 30 29 27 26 24 23 22 21 19 17 16 14 13 12 11 10 8 7 5 4 3 2 0 -1 213
0 63 61 60 59 57 56 55 53 52 50 49 48 46 45 44 43 41 40 39 38 36 35 33 32 30 29 28 27 25 24 23 22 20 19 17 16 15 14 13 11 10 8 6 5 4 2 1 0 -1 212
0 63 62 61 59 57 56 55 54 53 51 50 48 47 45 44 42 41 40 39 37 36 35 33 32 31 30 28 26 25 24 23 22 21 19 18 17 15 14 12 10 9 8 7 5 4 2 1 0 -1 211
0 63 61 60 58 57 56 55 53 52 50 49 48 47 46 45 43 42 40 38 37 36 35 34 33 31 29 28 27 26 24 23 22 20 19 18 17 15 14 13 10 9 8 6 5 4 3 2 0 -1 210
0 63 62 60 59 57 56 55 53 52 51 50 48 47 46 44 43 42 40 39 38 37 35 34 32 31 30 29 27 26 25 23 22 20 19 17 16 15 14 12 11 9 8 7 6 4 3 2 0 -1 209
0 63 62 60 59 58 56 55 53 52 51 49 48 47 45 44 43 42 40 39 38 37 35 34 33 31 29 28 27 25 24 23 21 20 19 17 16 14 13 12 11 10 8 7 5 4 3 2 0 -1 208
0 63 62 61 59 57 56 55 53 52 51 50 49 47 45 44 42 41 40 38 37 36 35 34 33 31 29 28 27 26 24 23 22 20 19 18 16 15 14 12 11 10 9 6 5 4 3 2 0 -1 207
0 63 61 60 58 57 56 55 53 52 51 50 48 47 46 45 43 42 40 39 37 36 35 34 33 30 29 28 27 26 24 23 22 20 19 17 16 15 14 12 11 10 8 7 6 4 2 1 0 -1 206
0 63 62 60 59 57 56 54 53 52 50 49 48 47 46 44 43 42 40 39 38 37 35 33 32 31 29 28 27 26 24 23 22 20 19 18 17 15 13 12 11 10 9 7 6 4 3 2 1 -1 205
0 63 62 60 59 58 56 55 53 52 50 49 48 47 46 45 42 41 40 39 38 36 34 33 32 31 29 28 26 25 24 23 22 20 19 18 16 15 13 12 11 10 8 7 6 5 2 1 0 -1 204
0 63 61 60 58 57 56 55 53 52 50 49 48 47 46 45 43 41 40 39 38 36 34 33 32 30 29 28 27 26 25 22 21 20 19 18 16 14 13 12 10 9 8 7 6 4 2 1 0 -1 203
0 63 62 60 59 58 56 55 54 52 51 49 48 47 45 44 43 41 40 39 38 37 35 33 32 31 30 28 26 25 24 23 22 21 19 18 16 15 14 12 11 10 9 6 5 4 3 1 0 -1 202
0 62 61 60 59 58 57 55 54 53 51 50 49 46 45 44 42 41 40 39 37 36 34 33 32 30 29 28 26 25 24 23 22 20 19 18 17 15 14 12 11 10 8 7 5 4 3 2 0 -1 201
0 62 61 60 58 57 56 55 54 52 51 50 48 47 45 44 43 41 40 39 37 36 35 34 32 31 29 28 27 26 25 22 21 20 19 18 16 14 13 12 10 9 8 7 5 4 3 2 0 -1 200
0 63 62 60 59 58 56 55 54 53 51 50 48 46 45 44 43 42 41 38 37 36 35 34 33 31 29 28 26 25 24 23 22 21 19 18 17 14 13 12 11 9 8 7 5 4 3 2 1 -1 199
0 63 62 61 59 58 57 55 54 53 50 49 48 47 45 44 42 41 40 39 38 37 35 33 32 31 30 28 27 26 25 23 22 20 19 18 16 14 13 12 11 10 8 7 5 4 3 2 0 -1 198
0 63 62 61 59 58 57 55 54 52 51 50 48 46 45 44 43 42 40 39 38 37 35 34 33 31 30 29 27 25 24 22 21 20 18 17 16 15 14 13 11 10 9 7 6 4 3 1 0 -1 197
0 62 61 60 59 58 56 55 54 53 50 49 48 47 46 45 43 41 40 39 38 36 35 33 32 31 29 28 27 26 25 23 21 20 19 18 17 15 14 13 11 10 8 7 5 4 3 2 1 -1 196
0 63 61 60 59 58 56 55 54 53 51 50 49 46 45 44 43 42 41 39 38 36 35 34 33 30 29 28 27 26 25 23 22 20 19 18 16 15 14 12 11 10 8 6 5 4 3 2 0 -1 195
0 63 61 60 59 57 56 55 54 53 51 50 49 47 46 45 43 42 41 39 38 36 35 34 32 30 29 28 26 25 24 22 21 20 19 17 16 15 14 12 11 10 9 7 6 5 2 1 0 -1 194
0 62 61 60 59 57 56 54 53 52 51 50 48 46 45 44 43 42 41 38 37 36 35 34 32 31 29 28 27 26 25 22 21 20 19 18 17 15 14 12 11 9 8 7 6 4 2 1 0 -1 193
0 63 62 60 59 57 56 55 53 52 51 50 48 47 45 44 43 42 41 39 38 37 35 33 32 31 29 28 27 25 24 23 21 20 19 17 16 14 13 12 11 10 8 6 5 4 2 1 0 -1 192
0 62 61 60 58 57 56 55 53 52 51 50 49 47 45 44 42 41 40 38 37 36 35 33 32 31 29 28 27 26 25 23 22 20 19 18 17 15 14 13 11 10 9 7 5 4 3 2 0 -1 191
0 62 61 60 59 58 57 54 53 52 51 50 49 47 46 44 43 42 41 39 38 36 35 34 33 30 29 28 27 26 24 23 22 20 19 18 17 15 13 12 10 9 8 7 5 4 2 1 0 -1 190
0 63 61 60 58 57 56 55 53 52 51 50 49 46 45 44 43 42 41 39 37 36 35 34 33 31 29 28 27 26 24 23 22 21 19 18 16 15 14 13 11 10 9 7 6 5 3 1 0 -1 189
0 62 61 60 59 58 56 55 54 53 51 49 48 47 46 45 43 41 40 39 38 36 35 33 32 31 30 28 27 26 24 22 21 20 19 18 17 15 14 12 11 9 8 7 6 4 3 2 1 -1 188
0 63 61 60 59 58 57 55 54 53 51 50 48 47 46 44 42 41 40 39 38 36 35 33 32 30 29 28 27 26 25 23 22 21 19 18 16 15 14 12 11 10 8 7 6 5 3 2 1 -1 187
0 63 61 60 58 57 56 54 53 52 51 50 48 47 46 45 43 42 40 39 38 36 34 33 32 31 30 28 27 25 24 23 22 21 19 18 17 15 14 13 11 9 8 7 6 5 3 1 0 -1 186
0 63 62 60 58 57 56 55 54 53 50 49 48 47 46 44 43 41 40 39 38 37 34 33 32 30 29 28 26 25 24 23 22 20 19 18 17 15 14 12 11 9 8 6 5 4 2 1 0 -1 185
0 63 62 61 59 58 56 55 54 52 51 49 48 47 46 45 43 42 40 39 38 37 34 33 32 31 29 28 27 26 24 23 22 21 19 17 16 15 14 12 11 10 9 6 5 4 3 2 1 -1 184
0 63 61 60 58 57 56 55 53 52 51 50 49 46 45 44 43 42 41 38 37 36 35 34 32 31 30 28 27 26 24 23 22 21 19 18 16 15 14 13 11 10 9 7 5 4 3 1 0 -1 183
0 63 61 60 58 57 56 55 54 52 51 50 48 47 45 44 43 41 40 39 38 37 34 33 32 31 30 28 27 26 24 22 21 20 19 18 16 15 14 13 10 9 8 7 5 4 3 2 1 -1 182
0 63 61 60 59 58 56 55 54 52 51 49 48 46 45 44 43 41 40 39 38 37 35 33 32 31 30 28 27 25 24 22 21 20 19 18 17 14 13 12 10 9 8 7 6 5 3 2 1 -1 181
0 63 62 60 59 58 56 54 53 52 50 49 48 46 45 44 43 42 40 39 37 36 34 33 32 31 30 29 27 25 24 23 21 20 18 17 16 15 14 13 11 9 8 7 5 4 3 1 0 -1 180
0 63 61 60 59 58 56 55 54 52 50 49 48 46 45 44 43 42 40 39 38 37 35 34 33 31 29 28 27 26 24 22 21 20 19 17 16 15 13 12 10 9 8 6 5 4 3 2 1 -1 179
0 63 62 61 59 58 57 55 54 52 51 50 48 46 45 44 43 41 40 39 38 37 34 33 32 31 30 29 27 26 24 22 21 20 19 18 17 15 13 12 10 9 8 7 5 4 2 1 0 -1 178
0 62 61 60 58 57 56 55 54 52 51 49 48 47 45 44 43 41 40 39 38 36 34 33 32 31 30 28 27 25 24 23 22 20 18 17 16 15 13 12 10 9 8 7 6 4 3 2 0 -1 177
0 63 62 61 59 57 56 55 54 53 51 50 48 47 45 44 43 42 40 39 37 36 35 34 33 31 30 29 27 25 24 23 22 20 19 17 16 15 14 12 11 9 8 7 5 4 3 2 1 -1 176
0 62 61 60 59 57 56 55 54 52 50 49 48 46 45 44 43 42 40 39 37 36 35 34 33 31 29 28 27 25 24 22 21 20 19 17 16 15 13 12 11 10 9 7 5 4 3 2 1 -1 175
0 63 62 61 59 58 56 55 54 53 51 50 49 47 45 44 43 41 40 39 38 36 35 34 33 31 29 28 27 26 25 23 21 20 18 17 16 14 13 12 11 10 9 7 6 5 2 1 0 -1 174
0 63 62 60 59 58 57 55 54 52 51 50 48 47 46 44 42 41 40 39 38 37 35 34 33 31 30 28 26 25 24 23 22 20 19 18 17 15 13 12 11 10 9 6 5 4 3 2 1 -1 173
0 63 61 60 59 58 57 54 53 52 51 50 49 47 46 45 42 41 40 39 37 36 34 33 32 31 30 29 26 25 24 22 21 20 18 17 16 14 13 12 11 10 9 7 5 4 3 2 1 -1 172
0 63 62 60 58 57 56 55 54 52 51 50 48 47 45 44 43 42 41 38 37 36 35 34 33 31 30 28 27 25 24 22 21 20 19 17 16 14 13 12 11 10 9 6 5 4 3 1 0 -1 171
0 63 61 60 59 58 57 55 54 52 51 49 48 46 45 44 43 42 40 39 38 36 35 34 33 31 30 28 27 25 24 23 22 20 19 17 16 15 14 12 11 10 9 7 5 4 3 1 0 -1 170
0 63 61 60 59 57 56 54 53 52 51 50 48 47 45 44 43 42 41 39 38 37 35 34 33 30 29 28 26 25 24 22 21 20 18 17 16 15 14 13 10 9 8 7 5 4 3 1 0 -1 169
0 63 62 60 59 58 57 55 53 52 51 49 48 47 46 45 43 42 41 39 38 36 35 33 32 31 30 29 26 25 24 23 22 20 19 18 16 15 14 12 11 9 8 7 6 4 3 2 0 -1 168
0 63 62 61 59 58 56 55 54 53 51 50 49 47 46 45 43 41 40 39 38 36 34 33 32 30 29 28 26 25 24 23 22 21 19 18 17 14 13 12 11 10 9 7 6 4 3 2 1 -1 167
0 63 62 60 59 58 57 55 54 52 51 49 48 47 46 44 42 41 40 39 37 36 34 33 32 31 30 29 26 25 24 23 22 20 18 17 16 14 13 12 10 9 8 7 6 4 3 1 0 -1 166
0 62 61 60 58 57 56 54 53 52 50 49 48 47 46 45 42 41 40 39 38 37 35 34 33 31 29 28 26 25 24 23 22 20 19 18 17 15 13 12 10 9 8 7 6 4 3 2 1 -1 165
0 63 62 61 59 58 56 55 53 52 51 49 48 47 46 44 43 42 41 39 38 36 34 33 32 31 30 28 27 26 25 22 21 20 19 18 16 15 13 12 11 10 9 7 6 4 2 1 0 -1 164
0 63 62 61 58 57 56 55 54 52 51 50 48 47 45 44 42 41 40 39 38 37 35 33 32 31 30 29 26 25 24 23 21 20 19 18 16 14 13 12 10 9 8 7 5 4 3 2 1 -1 163
0 63 62 60 59 57 56 55 53 52 51 50 49 47 46 45 43 41 40 39 38 36 35 34 33 31 30 29 27 26 24 23 21 20 19 18 16 15 14 13 11 9 8 7 6 4 2 1 0 -1 162
0 62 61 60 59 58 56 55 53 52 51 50 49 47 46 45 43 42 40 39 38 37 35 34 32 31 29 28 26 25 24 23 22 20 19 18 16 15 14 13 11 10 9 7 6 4 3 2 0 -1 161
0 63 62 60 58 57 56 55 53 52 51 50 49 47 46 45 43 42 40 39 38 36 34 33 32 31 29 28 27 25 24 23 22 21 18 17 16 15 14 13 11 10 8 7 6 4 3 2 0 -1 160
0 62 61 60 59 58 56 55 53 52 51 50 49 46 45 44 43 42 40 39 38 36 35 33 32 31 29 28 27 25 24 23 21 20 19 18 17 15 13 12 11 10 9 7 5 4 3 2 1 -1 159
0 63 62 61 58 57 56 55 53 52 50 49 48 47 46 44 43 42 40 38 37 36 35 33 32 31 30 29 27 25 24 23 22 21 19 18 16 15 14 12 11 9 8 7 6 4 3 1 0 -1 158
0 62 61 60 59 58 56 55 54 52 51 49 48 47 46 44 42 41 40 39 38 36 35 34 32 31 29 28 27 26 24 22 21 20 18 17 16 15 13 12 11 10 9 7 6 5 3 2 0 -1 157
0 63 61 60 58 57 56 54 53 52 51 49 48 47 46 44 43 41 40 39 38 37 35 34 33 30 29 28 26 25 24 23 22 20 19 17 16 15 13 12 11 10 8 7 6 5 2 1 0 -1 156
0 63 62 61 59 57 56 55 53 52 51 50 49 47 46 45 42 41 40 38 37 36 35 34 33 31 30 29 26 25 24 23 22 21 19 18 16 15 13 12 11 9 8 7 5 4 3 2 1 -1 155
0 63 62 60 59 57 56 55 54 53 51 50 48 46 45 44 42 41 40 39 38 37 34 33 32 31 30 28 26 25 24 23 22 21 19 17 16 14 13 12 10 9 8 7 6 5 3 1 0 -1 154
0 63 61 60 59 58 57 55 54 52 51 50 49 46 45 44 43 41 40 39 38 36 35 33 32 30 29 28 27 25 24 23 21 20 19 17 16 14 13 12 10 9 8 7 6 5 3 2 1 -1 153
0 63 62 61 58 57 56 55 54 53 51 49 48 47 46 44 42 41 40 39 38 36 35 34 32 30 29 28 27 26 25 23 21 20 19 18 16 15 13 12 11 10 8 7 6 5 3 1 0 -1 152
0 63 62 61 59 58 57 55 53 52 51 50 49 47 46 45 43 42 41 39 38 37 34 33 32 30 29 28 26 25 24 22 21 20 19 18 17 14 13 12 11 9 8 6 5 4 3 1 0 -1 151
0 63 62 60 59 57 56 55 54 53 50 49 48 47 45 44 43 42 41 39 38 37 34 33 32 31 29 28 26 25 24 22 21 20 19 18 17 15 14 13 11 9 8 7 6 5 3 2 1 -1 150
0 62 61 60 59 58 56 55 54 53 50 49 48 46 45 44 43 42 40 39 37 36 35 34 33 30 29 28 26 25 24 23 22 21 19 18 17 15 14 13 11 10 8 7 6 5 3 1 0 -1 149
0 63 61 60 59 57 56 54 53 52 51 50 49 47 46 45 43 42 40 39 38 37 35 33 32 31 30 29 27 26 25 23 22 20 19 18 17 15 14 13 11 10 8 7 6 4 3 2 0 -1 148
0 62 61 60 59 58 56 55 53 52 51 50 48 47 46 45 43 42 41 39 38 36 35 34 33 31 30 28 27 26 24 23 22 21 19 17 16 15 14 13 11 10 8 7 6 4 3 1 0 -1 147
0 63 62 60 59 58 57 55 54 53 51 50 49 47 46 44 42 41 40 39 38 37 35 34 32 31 30 29 27 26 25 23 22 20 18 17 16 15 14 12 11 9 8 7 5 4 3 2 1 -1 146
0 63 62 60 58 57 56 55 54 53 51 50 49 47 46 45 42 41 40 39 38 37 35 33 32 31 29 28 27 26 25 22 21 20 19 18 17 15 13 12 10 9 8 7 5 4 3 1 0 -1 145
0 63 62 60 59 57 56 54 53 52 50 49 48 47 46 45 43 41 40 39 38 37 35 33 32 30 29 28 26 25 24 22 21 20 19 18 16 15 14 13 11 9 8 7 6 5 3 2 1 -1 144
0 63 62 60 58 57 56 55 53 52 50 49 48 47 46 45 42 41 40 39 38 37 35 34 33 31 30 29 27 25 24 23 22 21 19 17 16 15 13 12 11 10 9 7 6 4 3 2 1 -1 143
0 62 61 60 59 58 56 55 54 53 50 49 48 47 46 45 43 41 40 39 38 36 35 33 32 31 30 28 27 26 25 23 21 20 18 17 16 14 13 12 11 10 9 7 5 4 3 1 0 -1 142
0 63 61 60 59 58 57 55 54 53 50 49 48 46 45 44 42 41 40 38 37 36 35 34 32 31 30 29 27 25 24 23 21 20 19 18 16 15 14 13 10 9 8 7 5 4 2 1 0 -1 141
0 63 62 60 59 58 57 54 53 52 51 49 48 47 46 45 43 42 41 39 38 36 34 33 32 30 29 28 27 26 25 23 22 20 19 18 17 15 14 12 11 10 8 7 5 4 3 2 1 -1 140
0 63 62 61 58 57 56 55 54 53 51 50 49 47 45 44 43 42 40 39 38 37 34 33 32 31 30 29 27 26 24 23 22 20 18 17 16 15 14 13 11 9 8 6 5 4 3 1 0 -1 139
0 63 62 60 59 58 57 54 53 52 51 50 49 46 45 44 43 42 40 39 38 37 34 33 32 30 29 28 27 26 24 23 22 20 19 17 16 15 14 13 11 10 8 7 6 4 2 1 0 -1 138
0 63 62 60 58 57 56 54 53 52 50 49 48 47 45 44 42 41 40 39 38 37 35 33 32 31 29 28 27 26 25 23 21 20 19 17 16 15 13 12 10 9 8 7 6 5 3 2 1 -1 137
0 63 61 60 59 58 56 55 53 52 51 50 48 46 45 44 43 42 40 39 38 37 34 33 32 30 29 28 27 26 25 23 22 21 18 17 16 14 13 12 11 10 9 7 6 5 2 1 0 -1 136
0 62 61 60 59 58 56 55 53 52 51 49 48 47 46 45 43 42 41 39 38 36 35 33 32 31 30 29 26 25 24 23 22 21 19 18 17 15 14 13 11 10 9 7 5 4 3 2 0 -1 135
0 63 62 61 59 57 56 55 54 53 50 49 48 47 46 44 42 41 40 39 38 37 34 33 32 31 29 28 27 25 24 23 22 20 19 18 16 15 14 12 11 10 8 6 5 4 3 1 0 -1 134
0 63 62 60 59 57 56 55 54 53 51 49 48 47 46 45 42 41 40 39 37 36 34 33 32 31 30 28 27 25 24 23 21 20 19 18 17 15 14 12 11 9 8 7 5 4 3 2 1 -1 133
0 63 62 60 59 58 56 55 54 53 51 50 48 47 46 44 43 41 40 38 37 36 34 33 32 30 29 28 27 26 25 23 21 20 19 17 16 15 14 12 11 10 9 7 6 4 3 1 0 -1 132
0 63 62 60 59 58 56 55 53 52 51 50 48 47 46 45 43 42 41 39 38 37 35 34 32 30 29 28 26 25 24 23 21 20 19 18 17 14 13 12 11 9 8 7 6 5 3 2 0 -1 131
0 62 61 60 58 57 56 55 54 52 51 50 49 47 46 45 43 41 40 39 37 36 35 34 33 31 29 28 27 26 25 23 21 20 19 17 16 15 14 13 10 9 8 7 5 4 3 1 0 -1 130
0 63 62 61 59 58 56 54 53 52 51 50 49 47 46 44 42 41 40 38 37 36 35 34 33 31 30 28 27 25 24 23 22 20 18 17 16 15 14 12 10 9 8 7 6 5 3 1 0 -1 129
0 62 61 60 59 58 56 54 53 52 51 50 49 47 45 44 43 42 40 39 37 36 35 34 32 30 29 28 27 26 24 23 21 20 19 18 17 15 14 13 11 9 8 7 6 5 2 1 0 -1 128
0 63 62 61 58 57 56 55 53 52 50 49 48 47 46 44 42 41 40 39 37 36 34 33 32 30 29 28 27 26 24 22 21 20 19 18 17 15 13 12 11 10 9 7 6 4 3 2 0 -1 127
0 63 62 60 58 57 56 55 54 52 50 49 48 47 46 45 42 41 40 39 37 36 35 33 32 31 29 28 27 26 25 23 22 21 18 17 16 14 13 12 11 10 8 7 6 4 3 2 0 -1 126
0 63 61 60 59 58 56 54 53 52 51 50 49 47 46 44 43 42 41 39 37 36 34 33 32 31 30 29 26 25 24 23 21 20 18 17 16 14 13 12 11 9 8 7 5 4 2 1 0 -1 125
0 62 61 60 59 58 56 55 53 52 51 50 49 47 46 44 42 41 40 38 37 36 34 33 32 31 29 28 27 25 24 23 22 21 19 18 17 14 13 12 11 9 8 6 5 4 2 1 0 -1 124
0 62 61 60 58 57 56 54 53 52 51 50 49 47 45 44 43 41 40 39 38 37 34 33 32 31 30 29 26 25 24 23 22 21 19 18 17 14 13 12 10 9 8 7 6 5 3 2 0 -1 123
0 63 62 61 58 57 56 54 53 52 51 49 48 46 45 44 43 42 41 38 37 36 35 33 32 31 29 28 26 25 24 23 22 21 19 17 16 14 13 12 11 10 9 7 5 4 3 2 1 -1 122
0 63 62 61 58 57 56 55 54 52 51 49 48 47 46 44 43 42 41 39 37 36 34 33 32 30 29 28 27 26 24 23 21 20 19 18 16 14 13 12 10 9 8 7 6 5 3 2 0 -1 121
0 63 61 60 58 57 56 54 53 52 51 50 48 47 45 44 42 41 40 39 37 36 35 33 32 31 29 28 27 26 25 23 21 20 19 18 16 14 13 12 11 10 8 7 6 5 3 1 0 -1 120
0 63 62 60 59 58 57 54 53 52 51 50 49 47 46 44 43 42 41 39 37 36 35 34 33 31 29 28 26 25 24 23 21 20 19 18 17 15 14 12 11 10 8 6 5 4 2 1 0 -1 119
0 63 61 60 59 58 56 54 53 52 51 49 48 47 46 45 43 42 40 38 37 36 35 33 32 31 30 29 27 25 24 23 22 21 18 17 16 15 14 12 11 10 9 7 6 5 2 1 0 -1 118
0 62 61 60 59 58 56 55 53 52 50 49 48 46 45 44 42 41 40 39 38 36 34 33 32 30 29 28 27 26 24 23 22 21 19 18 17 15 14 12 11 10 8 6 5 4 2 1 0 -1 117
0 63 62 60 59 58 57 55 54 53 51 50 49 47 46 45 43 41 40 39 37 36 34 33 32 30 29 28 27 26 25 23 21 20 19 18 17 15 14 13 10 9 8 6 5 4 3 2 1 -1 116
0 63 62 60 59 57 56 55 53 52 51 50 48 47 46 45 43 42 41 38 37 36 35 34 33 31 29 28 27 26 24 23 21 20 18 17 16 14 13 12 11 9 8 6 5 4 3 2 0 -1 115
0 63 62 61 58 57 56 55 54 52 51 49 48 47 45 44 42 41 40 39 37 36 35 34 33 31 30 28 26 25 24 23 22 20 18 17 16 15 14 13 11 10 9 7 5 4 2 1 0 -1 114
0 63 62 60 58 57 56 55 53 52 51 50 48 47 46 44 42 41 40 39 37 36 35 34 33 31 30 28 27 25 24 23 22 21 19 18 17 14 13 12 11 10 8 7 5 4 3 1 0 -1 113
0 63 62 61 59 57 56 55 54 53 51 50 49 46 45 44 43 42 40 39 37 36 34 33 32 31 29 28 27 26 25 23 21 20 19 18 17 15 14 12 11 10 9 6 5 4 3 2 1 -1 112
0 62 61 60 59 57 56 55 53 52 51 50 48 47 46 45 42 41 40 38 37 36 35 34 32 31 30 28 27 26 25 22 21 20 19 17 16 15 14 13 10 9 8 7 6 5 3 2 1 -1 111
0 63 62 61 59 58 57 55 53 52 51 50 49 47 46 44 43 42 41 39 37 36 35 33 32 30 29 28 27 26 25 23 21 20 18 17 16 14 13 12 11 10 9 7 5 4 3 2 1 -1 110
0 62 61 60 59 58 56 55 54 52 51 50 49 47 46 44 42 41 40 39 38 36 35 33 32 31 29 28 27 26 24 23 22 20 18 17 16 14 13 12 11 9 8 7 6 5 3 2 0 -1 109
0 63 62 61 59 58 57 54 53 52 51 50 49 47 46 44 43 41 40 39 37 36 35 33 32 31 30 29 27 25 24 23 22 21 19 18 17 15 13 12 11 9 8 6 5 4 3 2 1 -1 108
0 63 61 60 59 58 57 55 54 52 50 49 48 47 46 45 42 41 40 39 38 36 35 34 32 31 29 28 27 26 25 23 21 20 19 18 17 14 13 12 11 10 9 6 5 4 3 1 0 -1 107
0 63 61 60 59 57 56 55 53 52 51 50 49 47 45 44 43 42 40 39 37 36 35 33 32 30 29 28 27 26 25 23 22 20 19 17 16 14 13 12 10 9 8 7 5 4 3 2 1 -1 106
0 63 61 60 59 58 57 55 54 52 51 49 48 47 46 44 43 42 40 38 37 36 35 34 33 30 29 28 27 26 24 23 22 20 19 17 16 15 13 12 11 10 9 7 5 4 3 2 1 -1 105
0 63 61 60 59 58 56 55 54 53 51 50 48 47 46 45 43 42 41 39 37 36 35 34 33 31 29 28 27 26 25 23 21 20 18 17 16 15 14 12 11 10 9 6 5 4 3 2 0 -1 104
0 62 61 60 59 57 56 55 54 52 51 50 49 47 45 44 43 42 40 38 37 36 35 34 33 31 30 28 27 26 24 23 21 20 19 18 16 15 13 12 11 9 8 7 5 4 3 1 0 -1 103
0 62 61 60 59 58 56 55 54 52 51 49 48 46 45 44 43 41 40 39 38 36 35 34 33 31 30 29 27 25 24 23 22 21 18 17 16 15 13 12 11 9 8 7 6 5 2 1 0 -1 102
0 63 62 60 58 57 56 54 53 52 50 49 48 47 45 44 43 42 40 39 38 37 35 33 32 31 29 28 27 26 25 23 22 21 19 17 16 15 14 12 11 9 8 7 5 4 3 2 0 -1 101
0 63 62 61 58 57 56 54 53 52 51 50 48 47 46 45 42 41 40 39 37 36 35 34 32 31 30 28 26 25 24 23 22 20 19 18 17 15 14 13 10 9 8 6 5 4 2 1 0 -1 100
0 63 61 60 58 57 56 55 54 53 51 49 48 47 45 44 43 42 41 39 38 37 34 33 32 31 30 29 27 26 24 23 21 20 18 17 16 15 14 12 11 10 9 7 5 4 2 1 0 -1 99
0 62 61 60 59 57 56 55 54 53 51 50 48 46 45 44 43 42 41 39 38 37 35 33 32 31 30 28 27 26 25 23 21 20 18 17 16 15 14 12 11 9 8 6 5 4 2 1 0 -1 98
0 62 61 60 59 58 56 55 54 53 51 49 48 47 45 44 43 41 40 39 38 36 34 33 32 30 29 28 27 26 24 22 21 20 19 18 17 15 14 12 11 10 8 7 5 4 3 2 0 -1 97
0 63 62 61 59 57 56 55 54 53 51 50 49 47 46 44 43 42 40 39 38 36 34 33 32 31 29 28 27 26 25 22 21 20 19 18 17 15 13 12 10 9 8 7 6 4 3 2 1 -1 96
0 63 62 61 59 58 57 55 54 52 51 50 48 46 45 44 43 41 40 39 37 36 34 33 32 30 29 28 27 26 25 22 21 20 19 18 16 15 14 13 10 9 8 6 5 4 2 1 0 -1 95
0 63 62 60 58 57 56 55 54 52 51 50 48 46 45 44 43 42 40 38 37 36 35 33 32 30 29 28 27 26 25 23 22 20 18 17 16 14 13 12 11 10 9 7 6 4 2 1 0 -1 94
0 63 61 60 58 57 56 55 54 52 50 49 48 46 45 44 43 42 41 39 38 37 35 33 32 31 29 28 27 26 24 22 21 20 18 17 16 14 13 12 11 10 8 7 5 4 2 1 0 -1 93
0 63 61 60 59 58 57 55 54 53 50 49 48 47 45 44 43 42 40 38 37 36 35 34 32 30 29 28 27 25 24 23 22 21 19 17 16 15 14 13 11 9 8 6 5 4 3 1 0 -1 92
0 63 62 60 58 57 56 54 53 52 50 49 48 47 46 45 43 42 40 39 38 36 35 34 33 31 29 28 27 26 24 23 21 20 19 18 17 14 13 12 11 10 9 7 5 4 2 1 0 -1 91
0 63 62 61 59 58 56 55 54 52 51 50 49 47 46 44 42 41 40 39 38 36 35 34 33 31 30 29 26 25 24 22 21 20 19 17 16 15 14 12 11 9 8 6 5 4 3 2 1 -1 90
0 63 61 60 59 57 56 55 54 53 50 49 48 46 45 44 43 42 41 39 38 37 34 33 32 31 30 28 27 25 24 23 21 20 19 17 16 15 14 13 11 9 8 6 5 4 3 1 0 -1 89
0 62 61 60 58 57 56 54 53 52 51 50 48 47 46 45 43 42 41 39 37 36 35 34 33 31 30 28 27 25 24 23 22 21 19 18 17 15 14 12 11 10 8 7 6 5 2 1 0 -1 88
0 63 62 60 59 57 56 55 54 53 50 49 48 46 45 44 42 41 40 39 37 36 35 34 32 30 29 28 27 26 24 23 21 20 19 17 16 15 14 13 11 10 8 7 5 4 3 1 0 -1 87
0 63 62 60 59 57 56 55 54 52 51 50 49 47 45 44 42 41 40 39 37 36 35 34 32 31 30 28 27 26 24 22 21 20 19 18 17 15 14 13 10 9 8 7 5 4 3 1 0 -1 86
0 63 62 60 59 57 56 55 54 52 50 49 48 46 45 44 43 42 40 39 38 36 35 34 33 31 30 28 26 25 24 22 21 20 19 18 16 15 13 12 10 9 8 6 5 4 3 2 0 -1 85
0 63 62 61 59 57 56 55 54 53 51 50 48 47 45 44 43 42 40 39 37 36 35 34 32 31 30 29 26 25 24 22 21 20 18 17 16 15 14 13 11 10 8 7 6 5 2 1 0 -1 84
0 63 62 60 59 58 57 55 54 52 51 50 49 47 46 44 43 41 40 39 38 37 35 33 32 31 29 28 26 25 24 23 22 20 18 17 16 15 14 13 11 10 9 6 5 4 3 2 1 -1 83
0 63 62 60 59 57 56 55 53 52 51 50 48 46 45 44 43 41 40 38 37 36 35 34 33 31 30 29 27 26 25 23 21 20 19 18 17 15 14 13 11 10 8 6 5 4 3 2 0 -1 82
0 63 62 61 58 57 56 55 54 53 51 49 48 47 46 44 42 41 40 39 38 36 35 34 32 30 29 28 27 26 25 22 21 20 19 18 17 14 13 12 11 9 8 7 6 5 3 1 0 -1 81
0 62 61 60 59 58 57 55 53 52 51 49 48 47 45 44 42 41 40 38 37 36 34 33 32 31 30 29 27 26 25 23 21 20 19 18 16 15 14 12 11 9 8 6 5 4 3 2 1 -1 80
0 63 62 60 58 57 56 55 54 52 51 50 49 47 46 44 43 41 40 39 38 36 35 34 32 31 30 28 27 25 24 23 22 20 18 17 16 15 14 12 11 9 8 6 5 4 3 2 1 -1 79
0 63 61 60 59 57 56 55 54 52 50 49 48 47 45 44 43 42 40 39 37 36 34 33 32 31 30 28 27 26 25 23 22 20 19 18 16 15 13 12 11 10 8 7 6 5 3 2 1 -1 78
0 63 62 61 59 57 56 55 54 52 51 50 49 47 45 44 43 41 40 39 37 36 35 34 33 31 30 29 27 25 24 22 21 20 18 17 16 15 14 12 11 10 8 7 6 4 3 2 1 -1 77
0 63 61 60 59 58 57 54 53 52 51 49 48 47 46 45 43 42 41 39 38 37 34 33 32 31 30 29 27 26 25 23 22 21 19 18 16 15 14 12 11 10 8 6 5 4 2 1 0 -1 76
0 62 61 60 58 57 56 55 54 53 51 50 48 47 45 44 43 42 40 39 37 36 35 33 32 30 29 28 27 26 25 22 21 20 18 17 16 15 14 12 10 9 8 7 6 5 3 2 0 -1 75
0 62 61 60 59 57 56 55 54 52 51 50 49 47 45 44 42 41 40 39 38 36 35 34 32 31 30 29 27 26 25 23 22 21 19 18 16 15 13 12 11 9 8 7 6 4 2 1 0 -1 74
0 63 62 60 58 57 56 54 53 52 51 50 48 46 45 44 43 41 40 39 38 36 35 33 32 31 30 29 27 25 24 23 21 20 18 17 16 15 14 12 11 10 9 7 6 5 3 2 1 -1 73
0 63 62 61 59 58 56 55 54 52 51 50 49 46 45 44 42 41 40 39 38 36 34 33 32 31 29 28 27 25 24 22 21 20 19 17 16 14 13 12 11 9 8 7 6 4 2 1 0 -1 72
0 63 62 60 59 57 56 55 53 52 50 49 48 47 46 44 42 41 40 38 37 36 35 34 32 31 30 29 27 25 24 23 22 21 19 18 16 15 13 12 10 9 8 7 6 4 3 2 1 -1 71
0 63 62 61 58 57 56 54 53 52 51 50 49 47 45 44 43 42 41 38 37 36 35 34 33 31 29 28 27 26 24 23 22 21 19 18 16 14 13 12 11 10 8 6 5 4 3 2 0 -1 70
0 63 61 60 58 57 56 54 53 52 51 50 48 47 46 44 42 41 40 39 38 36 35 34 32 30 29 28 27 25 24 23 21 20 19 18 17 15 14 13 10 9 8 7 6 5 3 1 0 -1 69
0 63 61 60 59 58 57 55 53 52 51 50 48 47 45 44 43 41 40 38 37 36 35 33 32 30 29 28 27 26 24 23 22 21 18 17 16 15 13 12 11 10 9 6 5 4 3 2 1 -1 68
0 62 61 60 59 57 56 55 54 53 51 50 49 46 45 44 43 42 40 39 37 36 34 33 32 31 30 28 27 26 25 23 22 20 19 18 16 15 14 13 11 10 8 6 5 4 3 1 0 -1 67
0 63 61 60 59 58 56 54 53 52 51 49 48 47 46 45 42 41 40 39 37 36 35 34 33 31 30 29 26 25 24 23 22 21 18 17 16 14 13 12 11 10 8 7 6 5 2 1 0 -1 66
0 63 62 61 59 57 56 55 54 53 51 50 49 47 46 44 43 41 40 39 38 36 35 33 32 31 29 28 26 25 24 23 21 20 19 17 16 15 14 13 11 9 8 7 5 4 3 2 1 -1 65
0 63 62 61 59 57 56 54 53 52 51 49 48 47 45 44 42 41 40 39 38 36 35 34 32 30 29 28 27 25 24 23 21 20 19 17 16 15 14 12 11 10 9 7 5 4 3 1 0 -1 64
0 62 61 60 59 57 56 54 53 52 51 50 48 47 46 45 43 42 41 38 37 36 35 33 32 31 30 28 27 25 24 22 21 20 18 17 16 15 13 12 11 10 9 7 5 4 2 1 0 -1 63
0 63 61 60 59 57 56 55 54 53 50 49 48 47 46 45 43 42 41 38 37 36 34 33 32 31 30 29 27 26 24 22 21 20 18 17 16 15 14 12 11 9 8 7 6 5 2 1 0 -1 62
0 63 61 60 59 58 56 55 54 52 50 49 48 46 45 44 42 41 40 39 38 36 35 34 33 31 30 29 27 26 25 23 22 20 19 17 16 15 13 12 11 10 9 6 5 4 2 1 0 -1 61
0 62 61 60 59 57 56 54 53 52 51 50 48 47 46 45 43 42 40 39 38 36 35 33 32 31 30 29 27 25 24 23 22 20 19 18 16 15 13 12 11 10 9 7 6 4 3 2 1 -1 60
0 63 61 60 59 57 56 55 54 52 51 49 48 47 45 44 42 41 40 39 37 36 35 33 32 31 30 29 26 25 24 23 22 21 19 18 16 15 14 13 11 10 9 7 6 4 3 2 1 -1 59
0 63 62 61 59 58 57 55 53 52 51 50 49 47 45 44 42 41 40 39 37 36 35 34 33 30 29 28 27 25 24 23 22 21 18 17 16 15 13 12 10 9 8 6 5 4 2 1 0 -1 58
0 63 62 60 59 58 57 55 54 52 51 50 49 47 46 45 42 41 40 39 37 36 34 33 32 31 30 28 27 26 25 23 22 20 19 18 17 15 14 13 11 10 9 7 5 4 3 2 0 -1 57
0 63 62 61 59 57 56 55 54 52 50 49 48 47 46 44 42 41 40 39 37 36 35 33 32 31 29 28 27 26 25 23 21 20 19 18 17 15 13 12 11 10 9 7 6 5 3 2 0 -1 56
0 63 61 60 59 57 56 54 53 52 51 49 48 47 45 44 42 41 40 39 37 36 34 33 32 31 29 28 27 26 25 23 21 20 19 18 16 15 14 12 10 9 8 7 6 5 3 1 0 -1 55
0 63 62 61 59 58 56 54 53 52 51 50 49 47 46 45 43 41 40 38 37 36 35 34 33 31 30 28 27 25 24 23 21 20 19 18 17 15 14 13 11 9 8 6 5 4 3 2 0 -1 54
0 63 62 61 59 58 56 55 54 52 51 49 48 47 45 44 43 42 40 39 38 36 35 34 33 30 29 28 27 25 24 23 22 21 19 18 16 15 14 13 11 10 9 7 6 4 3 2 1 -1 53
0 62 61 60 59 58 57 54 53 52 50 49 48 47 45 44 43 42 40 39 37 36 34 33 32 31 30 28 27 26 25 23 21 20 19 18 17 15 13 12 11 9 8 7 5 4 2 1 0 -1 52
0 63 62 60 59 57 56 54 53 52 50 49 48 47 46 45 43 42 40 39 38 36 35 34 33 30 29 28 27 26 25 22 21 20 19 17 16 15 14 12 10 9 8 7 6 5 2 1 0 -1 51
0 63 61 60 59 58 56 55 53 52 50 49 48 47 45 44 42 41 40 38 37 36 35 33 32 30 29 28 27 25 24 23 22 20 19 18 16 15 14 13 11 10 9 6 5 4 3 2 0 -1 50
0 62 61 60 59 57 56 55 53 52 51 50 49 47 46 45 43 42 41 39 38 36 35 34 33 31 30 29 27 26 24 22 21 20 19 18 16 15 14 12 11 10 8 7 6 5 3 2 1 -1 49
0 63 62 60 58 57 56 55 54 53 51 50 48 47 46 45 43 41 40 38 37 36 35 34 33 30 29 28 27 26 24 23 22 20 19 17 16 15 14 12 11 10 9 6 5 4 3 1 0 -1 48
0 63 61 60 59 58 56 55 53 52 51 49 48 47 45 44 43 42 40 39 38 36 35 34 32 30 29 28 26 25 24 23 22 20 18 17 16 15 14 12 11 9 8 7 6 5 3 1 0 -1 47
0 63 61 60 59 58 57 55 54 52 50 49 48 47 45 44 43 42 40 39 37 36 34 33 32 30 29 28 27 26 24 23 22 20 19 18 17 15 13 12 11 9 8 6 5 4 3 2 0 -1 46
0 63 62 61 58 57 56 55 54 53 51 50 49 47 45 44 42 41 40 39 38 36 35 34 33 31 30 29 26 25 24 23 22 21 19 18 16 15 13 12 11 10 9 7 5 4 3 2 0 -1 45
0 63 61 60 59 57 56 55 54 53 50 49 48 46 45 44 42 41 40 39 38 36 35 33 32 31 30 29 27 26 24 23 22 20 19 18 17 14 13 12 11 9 8 7 5 4 3 2 0 -1 44
0 63 62 61 58 57 56 54 53 52 51 49 48 47 46 45 42 41 40 39 38 37 35 34 32 31 30 28 27 26 24 22 21 20 19 17 16 15 14 13 10 9 8 6 5 4 2 1 0 -1 43
0 63 61 60 58 57 56 55 54 52 51 50 49 46 45 44 43 41 40 39 37 36 34 33 32 31 30 28 27 25 24 23 22 21 19 17 16 14 13 12 10 9 8 7 6 5 3 2 0 -1 42
0 62 61 60 58 57 56 55 54 52 50 49 48 47 46 44 43 41 40 39 37 36 35 34 32 30 29 28 26 25 24 22 21 20 19 18 17 14 13 12 10 9 8 7 6 4 3 1 0 -1 41
0 62 61 60 59 58 57 54 53 52 50 49 48 46 45 44 42 41 40 39 37 36 35 34 32 31 30 29 27 25 24 22 21 20 19 17 16 14 13 12 11 10 8 6 5 4 3 1 0 -1 40
0 63 61 60 58 57 56 55 54 53 51 50 48 47 46 45 43 42 40 38 37 36 35 34 33 31 30 28 27 26 24 22 21 20 19 17 16 15 14 12 10 9 8 6 5 4 3 1 0 -1 39
0 63 62 61 59 58 56 55 54 53 51 49 48 46 45 44 42 41 40 39 38 36 35 34 33 30 29 28 27 26 25 23 21 20 19 17 16 15 14 12 10 9 8 7 6 5 3 2 1 -1 38
0 63 61 60 59 57 56 55 53 52 51 49 48 47 45 44 43 41 40 39 38 37 35 34 32 30 29 28 27 25 24 23 21 20 19 18 17 15 14 13 10 9 8 7 6 5 2 1 0 -1 37
0 63 62 60 59 58 56 54 53 52 51 50 48 47 46 45 43 41 40 38 37 36 35 34 32 30 29 28 27 26 25 23 21 20 19 18 16 15 13 12 10 9 8 7 6 5 3 2 0 -1 36
0 63 61 60 59 57 56 55 54 52 51 49 48 47 45 44 43 41 40 39 38 37 35 33 32 30 29 28 27 25 24 23 22 21 19 18 17 14 13 12 11 10 9 6 5 4 3 1 0 -1 35
0 63 62 61 59 58 56 55 53 52 51 49 48 47 45 44 43 42 40 39 37 36 35 34 33 30 29 28 27 25 24 23 22 20 19 18 16 15 14 12 10 9 8 6 5 4 3 1 0 -1 34
0 63 62 60 59 58 57 55 54 53 50 49 48 46 45 44 42 41 40 39 38 37 35 34 32 31 29 28 27 25 24 23 22 21 19 17 16 15 14 12 10 9 8 7 5 4 2 1 0 -1 33
0 63 62 61 59 58 56 54 53 52 51 50 49 47 46 44 42 41 40 39 38 36 35 34 33 31 29 28 27 26 25 22 21 20 19 18 16 15 13 12 11 10 8 7 6 4 3 2 0 -1 32
0 63 61 60 58 57 56 55 53 52 51 50 48 46 45 44 43 42 41 39 37 36 34 33 32 31 30 29 27 25 24 23 21 20 19 18 17 14 13 12 11 10 8 7 6 4 3 1 0 -1 31
0 63 61 60 59 57 56 54 53 52 51 49 48 46 45 44 43 42 40 39 38 37 35 34 33 31 30 28 26 25 24 23 21 20 19 18 17 15 13 12 10 9 8 7 6 5 2 1 0 -1 30
0 63 62 60 58 57 56 54 53 52 51 49 48 46 45 44 43 41 40 38 37 36 35 33 32 31 30 29 27 25 24 22 21 20 19 18 17 15 13 12 11 10 8 7 6 4 3 2 0 -1 29
0 62 61 60 59 57 56 55 54 53 51 50 48 47 45 44 42 41 40 38 37 36 35 34 32 31 29 28 27 26 25 22 21 20 19 18 16 15 13 12 11 10 8 6 5 4 3 1 0 -1 28
0 63 61 60 58 57 56 54 53 52 51 49 48 47 46 45 43 42 41 39 37 36 34 33 32 31 29 28 27 26 25 23 21 20 19 18 16 15 13 12 11 10 8 6 5 4 3 2 1 -1 27
0 63 62 61 59 57 56 55 54 53 51 50 49 47 46 45 42 41 40 39 38 37 35 34 32 31 30 29 27 25 24 22 21 20 19 18 16 15 14 12 10 9 8 7 6 4 3 1 0 -1 26
0 63 62 60 59 58 56 55 54 53 51 50 48 46 45 44 42 41 40 39 38 36 35 34 33 31 29 28 26 25 24 23 21 20 19 18 16 15 14 12 10 9 8 7 5 4 2 1 0 -1 25
0 63 62 61 58 57 56 54 53 52 51 50 48 47 46 44 43 42 40 38 37 36 35 34 33 30 29 28 27 26 24 23 21 20 19 17 16 15 14 13 11 10 8 6 5 4 3 2 0 -1 24
0 63 62 60 59 57 56 55 54 52 51 50 49 47 46 45 43 42 41 39 37 36 35 33 32 31 29 28 27 26 25 23 22 21 19 18 17 15 14 12 11 10 9 7 5 4 2 1 0 -1 23
0 63 62 61 59 57 56 54 53 52 50 49 48 47 46 44 43 41 40 39 38 37 35 34 33 31 29 28 27 25 24 23 21 20 19 18 17 15 14 12 10 9 8 7 6 4 3 2 1 -1 22
0 63 62 60 59 58 57 54 53 52 51 49 48 47 46 44 42 41 40 38 37 36 35 34 33 30 29 28 27 26 25 23 22 21 19 18 16 15 13 12 11 10 8 7 5 4 2 1 0 -1 21
0 63 62 60 59 58 56 55 53 52 51 50 49 47 46 45 43 41 40 39 38 37 35 34 33 31 30 28 27 26 25 23 22 21 19 18 17 14 13 12 10 9 8 7 6 4 3 2 0 -1 20
0 63 62 60 59 58 57 55 53 52 51 50 49 47 46 44 43 41 40 39 38 36 35 34 33 31 29 28 26 25 24 22 21 20 19 17 16 15 13 12 11 10 9 6 5 4 3 1 0 -1 19
0 63 61 60 59 57 56 55 53 52 51 50 48 47 46 45 43 41 40 38 37 36 35 34 33 31 30 28 27 26 24 23 21 20 19 18 16 15 13 12 11 9 8 7 6 4 2 1 0 -1 18
0 63 62 61 59 58 56 55 53 52 50 49 48 47 46 44 43 41 40 39 37 36 34 33 32 31 30 29 27 26 25 23 22 21 19 18 17 15 14 13 11 9 8 7 5 4 3 2 0 -1 17
0 62 61 60 59 57 56 55 54 52 51 49 48 47 45 44 43 42 41 39 38 36 35 34 32 31 29 28 27 26 24 23 21 20 19 18 16 15 14 12 11 10 9 7 6 4 3 2 0 -1 16
0 63 61 60 59 57 56 55 53 52 51 49 48 47 46 45 43 42 40 38 37 36 35 34 32 31 30 28 27 26 25 23 21 20 19 18 16 15 13 12 11 9 8 7 5 4 3 1 0 -1 15
0 62 61 60 58 57 56 55 54 53 51 50 48 47 45 44 43 41 40 38 37 36 35 34 33 31 30 28 27 25 24 23 21 20 18 17 16 15 14 12 11 10 9 6 5 4 3 2 1 -1 14
0 63 62 60 59 58 56 55 53 52 51 50 48 46 45 44 43 42 41 39 38 36 34 33 32 31 29 28 27 26 25 23 22 20 19 18 16 15 13 12 10 9 8 7 5 4 3 2 0 -1 13
0 63 61 60 58 57 56 54 53 52 50 49 48 46 45 44 42 41 40 38 37 36 35 33 32 31 30 29 27 26 24 23 22 21 19 18 16 15 14 13 11 10 8 6 5 4 2 1 0 -1 12
0 63 62 60 58 57 56 55 54 52 51 50 48 47 46 44 43 41 40 39 38 37 35 34 33 30 29 28 27 25 24 23 22 21 19 18 16 15 14 13 11 10 8 7 6 4 3 2 0 -1 11
0 63 61 60 59 58 56 55 54 52 51 50 49 47 46 44 42 41 40 39 38 37 35 33 32 31 29 28 27 26 24 23 21 20 19 18 17 15 14 13 11 9 8 6 5 4 3 2 0 -1 10
0 62 61 60 58 57 56 55 54 52 50 49 48 47 46 44 43 41 40 38 37 36 34 33 32 31 29 28 27 25 24 22 21 20 19 17 16 14 13 12 11 10 8 7 6 5 2 1 0 -1 9
0 62 61 60 59 57 56 55 54 52 51 50 49 47 46 44 43 42 40 39 38 36 35 34 33 30 29 28 27 26 24 23 21 20 19 18 16 14 13 12 10 9 8 7 6 4 3 2 1 -1 8
0 63 62 61 59 58 56 54 53 52 51 49 48 46 45 44 43 42 40 39 37 36 35 33 32 31 29 28 27 25 24 23 21 20 18 17 16 14 13 12 11 10 9 7 5 4 3 1 0 -1 7
0 62 61 60 58 57 56 55 54 53 51 49 48 47 45 44 42 41 40 39 38 37 35 34 32 31 29 28 27 26 25 23 22 21 18 17 16 15 13 12 10 9 8 6 5 4 3 2 0 -1 6
0 62 61 60 59 57 56 55 54 53 51 50 48 46 45 44 43 42 41 39 38 36 35 33 32 31 30 29 27 26 25 23 22 20 19 18 16 15 13 12 10 9 8 7 5 4 2 1 0 -1 5
0 63 61 60 59 58 56 54 53 52 50 49 48 47 46 45 43 41 40 38 37 36 35 34 32 31 30 29 26 25 24 23 22 20 19 17 16 15 14 12 10 9 8 6 5 4 3 2 0 -1 4
0 63 61 60 59 57 56 55 54 52 51 50 49 47 46 45 43 41 40 38 37 36 35 33 32 31 29 28 27 26 25 23 21 20 19 17 16 15 13 12 11 10 9 7 5 4 2 1 0 -1 3
0 63 62 61 59 57 56 55 54 52 51 50 48 47 45 44 43 41 40 39 38 36 35 34 33 31 30 28 27 25 24 23 22 20 19 18 17 14 13 12 10 9 8 7 5 4 2 1 0 -1 2
0 63 61 60 58 57 56 54 53 52 51 50 49 47 46 45 43 42 41 39 38 37 35 34 33 31 29 28 27 26 24 23 22 20 19 18 16 15 13 12 11 10 8 7 6 4 3 2 0 -1 1
0 63 62 60 59 58 57 55 54 53 51 50 48 47 46 45 42 41 40 38 37 36 35 34 33 31 30 29 27 26 25 22 21 20 19 18 16 15 14 13 11 10 9 7 6 5 3 2 0 -1 0
-1
