64
256
0 62 60 58 56 54 52 50 48 47 45 43 40 39 36 35 33 30 28 26 24 22 21 18 16 14 12 10 9 7 5 3 1 -1 255
0 63 61 59 56 54 52 50 48 47 45 43 41 39 36 34 33 30 29 27 24 23 20 19 16 15 13 10 9 6 4 2 0 -1 251
0 62 60 59 57 55 53 50 49 46 44 42 41 39 36 35 33 30 28 27 25 23 20 18 17 14 13 10 9 7 5 3 0 -1 247
0 63 60 58 56 55 52 50 48 46 45 42 40 38 36 35 33 30 29 26 24 22 20 18 17 14 13 10 8 7 5 3 0 -1 243
0 62 60 58 56 54 52 51 48 46 44 42 40 39 36 34 33 31 29 27 25 22 21 19 17 15 13 11 8 7 5 3 1 -1 239
0 63 61 58 57 54 52 50 48 47 45 42 40 39 37 34 32 30 28 27 24 23 20 19 17 15 12 11 8 6 4 2 1 -1 235
0 62 61 58 57 54 52 50 48 47 44 42 40 38 37 34 33 30 29 27 25 22 21 18 16 14 13 10 8 7 5 3 0 -1 231
0 62 60 59 56 54 53 50 48 47 44 43 40 39 37 34 32 30 28 27 24 23 21 19 17 14 13 11 9 7 5 2 0 -1 227
0 62 60 58 56 54 52 50 49 46 44 42 40 38 36 34 32 31 29 26 25 22 20 19 17 14 13 10 8 7 5 3 1 -1 223
0 62 61 58 57 54 52 51 48 46 44 43 40 38 36 34 33 30 29 26 24 23 21 19 17 15 13 11 8 6 5 2 1 -1 219
0 62 60 58 56 54 53 51 49 46 45 42 41 39 37 34 32 30 28 27 25 23 20 18 16 15 12 11 9 6 4 2 0 -1 215
0 62 61 58 56 54 52 50 48 46 44 42 41 39 37 34 32 31 28 26 24 23 20 18 16 14 12 11 8 7 5 2 0 -1 211
0 63 61 59 56 54 52 51 48 46 44 42 40 39 37 35 33 30 29 27 24 23 20 18 17 15 13 10 8 6 4 2 1 -1 207
0 63 61 59 57 55 53 51 48 46 45 42 40 39 36 34 33 31 28 27 25 22 20 18 16 14 12 10 9 7 4 2 1 -1 203
0 63 60 58 56 54 52 51 49 46 44 43 40 38 36 35 32 30 28 26 25 22 21 19 16 14 12 10 9 7 5 3 1 -1 199
0 63 60 59 56 55 52 50 48 46 44 43 40 38 37 35 32 30 29 26 24 22 20 18 17 15 12 11 9 7 4 3 1 -1 195
0 62 60 59 56 54 53 51 48 46 45 43 40 38 37 34 33 30 28 27 25 23 20 18 17 15 12 11 8 6 4 3 0 -1 191
0 63 60 59 56 55 53 51 49 47 45 43 41 39 36 34 33 30 28 26 24 22 20 18 17 14 12 11 8 6 5 2 1 -1 187
0 62 60 58 56 55 53 50 48 47 44 43 41 38 36 35 32 30 28 27 24 22 20 19 17 15 12 10 8 6 4 2 0 -1 183
0 62 61 58 57 54 53 51 49 47 45 43 41 39 37 34 32 30 28 27 24 23 20 19 17 14 12 11 9 6 4 2 1 -1 179
0 62 61 58 56 55 52 51 48 47 45 42 40 39 36 34 33 30 28 26 25 22 21 19 17 15 12 11 9 6 5 3 0 -1 175
0 63 60 58 56 55 53 51 48 46 44 43 41 38 37 35 33 30 29 26 25 22 20 18 16 15 13 11 9 6 4 2 0 -1 171
0 62 60 59 57 54 52 51 49 47 44 43 40 38 36 34 32 31 29 27 25 23 21 19 17 15 13 11 9 7 5 2 0 -1 167
0 62 60 59 56 54 52 50 49 46 45 43 40 39 37 34 32 30 29 26 24 23 21 19 17 14 12 11 9 7 4 3 1 -1 163
0 62 60 59 56 54 53 51 48 46 44 43 40 38 37 35 33 31 29 26 25 22 21 18 16 15 13 10 8 7 5 3 0 -1 159
0 63 60 59 57 55 52 51 48 46 44 43 40 39 37 35 33 30 28 26 25 22 21 19 16 14 13 10 9 6 5 3 1 -1 155
0 63 60 59 56 55 52 50 48 46 45 43 40 39 36 35 33 31 28 26 25 23 20 19 17 15 13 11 8 6 4 2 1 -1 151
0 63 61 58 57 55 53 50 49 47 45 42 41 39 36 35 33 30 29 27 25 22 21 19 17 14 13 10 9 7 4 3 0 -1 147
0 63 60 58 56 55 52 51 49 46 45 42 40 39 37 34 32 30 28 26 25 22 21 18 16 14 12 11 9 7 5 2 1 -1 143
0 62 60 59 56 55 52 51 49 46 45 42 41 39 36 35 33 30 29 26 24 23 20 19 17 14 13 10 8 6 5 2 1 -1 139
0 62 61 58 56 55 52 50 48 46 45 43 41 38 37 35 32 31 28 27 24 23 21 19 16 14 12 10 8 6 5 2 0 -1 135
0 62 60 58 56 54 52 50 49 46 44 43 40 39 36 34 33 30 28 27 24 23 21 19 17 15 12 10 8 6 5 2 0 -1 131
0 63 60 58 56 55 52 51 49 46 45 42 41 39 37 34 32 31 29 27 25 23 21 19 16 15 12 10 9 6 5 2 1 -1 127
0 63 61 58 57 55 53 51 49 46 45 42 40 38 36 34 33 30 28 26 25 22 20 19 16 15 12 11 9 7 5 3 1 -1 123
0 62 61 59 56 54 53 50 49 46 44 42 40 38 36 35 32 30 29 27 24 22 20 18 16 14 12 11 9 7 5 3 0 -1 119
0 62 61 58 57 55 52 50 49 46 44 42 40 39 36 35 32 31 28 26 25 22 20 18 16 15 12 11 9 6 4 3 0 -1 115
0 63 60 59 57 54 52 50 49 47 45 42 40 39 36 35 32 31 28 26 24 22 20 18 17 14 13 10 9 7 5 3 1 -1 111
0 62 61 58 56 54 52 50 49 46 44 42 40 39 36 35 33 31 28 26 24 23 21 19 16 15 12 11 9 6 5 3 1 -1 107
0 63 61 58 56 55 53 51 49 46 44 42 40 38 37 34 32 30 29 27 24 22 20 19 16 15 12 11 9 7 5 3 1 -1 103
0 63 61 58 57 54 52 51 48 47 44 43 40 39 37 34 32 30 29 27 25 23 20 19 16 14 13 10 8 7 5 3 1 -1 99
0 63 60 58 57 55 53 50 49 47 44 43 41 39 37 34 33 30 28 26 25 23 21 19 17 14 13 10 8 7 4 3 0 -1 95
0 63 61 58 57 55 52 50 49 47 45 42 40 39 36 35 32 30 28 27 25 22 20 19 17 14 13 10 9 6 4 3 1 -1 91
0 62 61 59 57 54 53 51 48 47 44 42 41 38 37 35 32 31 29 26 24 23 20 19 16 15 12 11 9 7 5 2 0 -1 87
0 63 60 58 57 55 52 50 49 46 45 43 41 39 36 35 32 31 28 27 25 22 20 19 16 15 13 11 9 7 4 2 1 -1 83
0 62 61 58 57 54 52 50 49 46 45 42 41 38 37 35 32 31 28 26 25 23 21 18 16 14 12 10 8 7 4 2 0 -1 79
0 63 60 58 57 55 52 50 49 47 45 42 40 38 37 34 33 30 29 27 25 22 20 19 17 15 12 10 9 7 5 2 0 -1 75
0 63 60 58 56 54 52 50 49 46 44 42 40 38 36 35 32 31 29 27 24 22 20 19 17 14 13 10 8 6 5 2 1 -1 71
0 63 60 58 56 55 53 51 49 46 45 43 41 38 37 34 33 30 29 26 25 22 21 19 17 14 12 10 8 6 4 2 0 -1 67
0 63 60 58 57 55 53 51 49 47 45 42 41 39 37 34 32 30 29 26 25 22 20 19 17 14 13 11 9 7 5 3 0 -1 63
0 62 61 58 56 55 52 50 48 46 44 42 40 39 36 34 33 30 28 27 25 22 21 18 17 15 12 11 8 6 4 2 1 -1 59
0 62 60 59 56 54 53 50 48 46 44 43 41 39 37 35 33 31 29 27 25 22 20 18 16 15 13 10 8 6 4 2 0 -1 55
0 63 60 59 57 55 53 50 48 47 45 42 41 39 36 34 33 31 29 27 24 23 20 18 16 15 12 10 9 6 5 3 0 -1 51
0 63 60 58 57 54 52 50 49 47 45 43 41 38 36 35 33 30 29 26 24 23 21 19 17 15 13 10 8 7 5 2 1 -1 47
0 63 60 58 57 54 52 50 48 46 45 42 40 39 36 34 33 31 28 26 25 22 21 19 17 14 12 10 9 6 4 2 1 -1 43
0 62 60 58 56 55 52 51 49 46 44 42 40 38 36 35 33 31 29 26 25 22 20 19 17 14 12 10 8 7 5 3 1 -1 39
0 62 61 59 57 54 52 50 49 47 45 42 41 39 36 35 32 31 29 27 24 22 21 18 17 14 12 10 9 6 4 2 0 -1 35
0 63 61 59 57 55 53 50 49 46 45 42 40 38 36 34 32 31 29 27 25 23 20 18 16 14 13 11 8 7 4 3 1 -1 31
0 63 61 59 57 54 52 50 48 46 44 43 40 39 36 35 33 31 29 26 24 22 21 19 16 14 13 10 9 6 5 3 1 -1 27
0 63 60 58 57 55 52 50 48 47 45 42 40 39 36 35 32 31 29 26 24 22 21 18 17 14 12 11 8 6 5 3 0 -1 23
0 62 60 58 56 54 53 50 49 47 45 43 40 39 36 35 33 31 29 26 24 22 21 18 17 14 13 10 9 6 4 2 1 -1 19
0 62 60 59 57 54 52 51 48 47 44 43 41 39 36 34 33 31 28 26 24 22 20 19 16 14 13 11 8 7 5 2 1 -1 15
0 62 60 58 57 54 52 51 48 47 45 42 41 38 36 34 33 30 29 27 24 22 20 18 16 15 13 10 8 7 4 2 0 -1 11
0 63 61 58 56 54 52 51 49 47 45 43 41 38 37 35 32 31 29 27 25 22 20 18 16 15 13 10 9 6 4 2 1 -1 7
0 63 60 59 57 55 53 50 48 47 45 43 40 38 37 34 32 31 28 27 25 23 21 19 17 14 13 11 9 6 4 2 1 -1 3
-1
