16
256
0 14 8 5 2 -1 255
0 14 11 6 2 -1 254
0 15 8 5 2 -1 253
0 14 11 7 0 -1 252
0 12 9 5 3 -1 251
0 15 11 5 1 -1 250
0 15 10 5 0 -1 249
0 13 10 7 3 -1 248
0 15 11 5 0 -1 247
0 13 9 5 2 -1 246
0 15 9 5 1 -1 245
0 12 8 5 0 -1 244
0 15 8 7 0 -1 243
0 13 11 5 3 -1 242
0 12 9 5 0 -1 241
0 12 10 6 3 -1 240
0 15 9 5 2 -1 239
0 13 8 4 2 -1 238
0 12 11 4 1 -1 237
0 13 8 7 1 -1 236
0 13 9 4 3 -1 235
0 14 10 4 1 -1 234
0 15 8 4 2 -1 233
0 15 8 7 1 -1 232
0 15 10 5 2 -1 231
0 15 8 5 1 -1 230
0 13 11 7 2 -1 229
0 15 8 4 1 -1 228
0 15 8 6 3 -1 227
0 15 8 4 2 -1 226
0 15 10 7 1 -1 225
0 12 8 6 1 -1 224
0 15 10 6 0 -1 223
0 15 9 5 1 -1 222
0 14 9 7 1 -1 221
0 14 8 5 1 -1 220
0 14 8 4 1 -1 219
0 14 11 7 3 -1 218
0 13 8 6 0 -1 217
0 13 10 4 2 -1 216
0 15 9 5 3 -1 215
0 14 10 4 1 -1 214
0 13 10 5 0 -1 213
0 14 10 5 1 -1 212
0 13 9 4 1 -1 211
0 13 11 4 0 -1 210
0 14 11 7 2 -1 209
0 15 8 4 2 -1 208
0 14 10 4 0 -1 207
0 13 9 7 2 -1 206
0 12 10 4 2 -1 205
0 14 8 5 2 -1 204
0 14 8 4 1 -1 203
0 12 8 7 3 -1 202
0 15 11 6 1 -1 201
0 12 11 5 3 -1 200
0 15 11 6 1 -1 199
0 13 11 5 1 -1 198
0 13 9 4 3 -1 197
0 12 10 4 2 -1 196
0 13 8 7 3 -1 195
0 12 9 4 2 -1 194
0 15 9 5 2 -1 193
0 14 8 7 0 -1 192
0 13 11 7 0 -1 191
0 14 9 5 0 -1 190
0 13 8 5 1 -1 189
0 12 9 4 2 -1 188
0 13 10 7 0 -1 187
0 14 8 7 2 -1 186
0 14 8 7 0 -1 185
0 15 9 4 0 -1 184
0 13 11 5 0 -1 183
0 13 9 7 3 -1 182
0 12 10 7 2 -1 181
0 15 9 4 1 -1 180
0 15 10 5 2 -1 179
0 13 9 4 0 -1 178
0 13 8 7 3 -1 177
0 15 10 4 3 -1 176
0 12 8 4 2 -1 175
0 12 11 7 3 -1 174
0 13 8 4 1 -1 173
0 13 8 7 1 -1 172
0 12 10 7 0 -1 171
0 13 8 7 0 -1 170
0 13 8 7 1 -1 169
0 13 11 7 1 -1 168
0 12 11 6 3 -1 167
0 15 8 5 3 -1 166
0 15 10 4 3 -1 165
0 12 8 6 1 -1 164
0 12 10 7 3 -1 163
0 15 11 7 0 -1 162
0 12 10 7 3 -1 161
0 14 10 5 2 -1 160
0 15 11 6 2 -1 159
0 15 9 6 2 -1 158
0 12 8 6 1 -1 157
0 12 8 6 1 -1 156
0 12 8 5 1 -1 155
0 14 11 5 0 -1 154
0 12 10 7 1 -1 153
0 15 10 4 3 -1 152
0 15 10 5 1 -1 151
0 14 11 7 1 -1 150
0 13 8 5 2 -1 149
0 14 10 7 3 -1 148
0 13 9 7 0 -1 147
0 12 9 6 1 -1 146
0 12 8 5 2 -1 145
0 13 10 6 3 -1 144
0 12 9 4 3 -1 143
0 13 10 4 0 -1 142
0 12 8 4 3 -1 141
0 13 9 4 0 -1 140
0 15 10 7 2 -1 139
0 15 9 7 0 -1 138
0 12 8 4 3 -1 137
0 13 10 6 3 -1 136
0 12 8 5 0 -1 135
0 15 11 6 1 -1 134
0 13 11 6 0 -1 133
0 12 11 6 0 -1 132
0 14 11 4 2 -1 131
0 15 10 6 0 -1 130
0 15 10 7 0 -1 129
0 14 8 4 1 -1 128
0 12 8 5 3 -1 127
0 13 8 7 1 -1 126
0 13 8 6 0 -1 125
0 14 10 4 0 -1 124
0 15 10 5 2 -1 123
0 12 8 6 2 -1 122
0 15 9 7 1 -1 121
0 13 8 5 3 -1 120
0 14 10 7 3 -1 119
0 12 9 6 0 -1 118
0 13 11 6 0 -1 117
0 12 9 6 1 -1 116
0 12 8 4 1 -1 115
0 13 10 7 2 -1 114
0 15 10 6 2 -1 113
0 12 10 7 2 -1 112
0 14 9 5 3 -1 111
0 15 8 4 2 -1 110
0 13 9 6 2 -1 109
0 13 10 5 3 -1 108
0 12 9 6 3 -1 107
0 13 8 5 3 -1 106
0 14 9 5 0 -1 105
0 15 9 5 1 -1 104
0 14 8 7 0 -1 103
0 12 11 6 0 -1 102
0 14 8 6 1 -1 101
0 15 9 5 2 -1 100
0 12 10 4 0 -1 99
0 14 10 7 2 -1 98
0 12 9 6 0 -1 97
0 12 9 7 0 -1 96
0 12 9 7 0 -1 95
0 14 9 7 0 -1 94
0 14 11 4 1 -1 93
0 15 8 7 3 -1 92
0 15 11 6 0 -1 91
0 13 9 4 1 -1 90
0 12 11 5 2 -1 89
0 12 11 4 3 -1 88
0 12 8 5 0 -1 87
0 12 8 6 1 -1 86
0 13 10 4 3 -1 85
0 12 10 7 1 -1 84
0 13 11 6 2 -1 83
0 14 10 6 2 -1 82
0 12 10 4 3 -1 81
0 14 11 4 2 -1 80
0 13 10 6 3 -1 79
0 14 9 7 0 -1 78
0 13 9 5 1 -1 77
0 14 9 5 2 -1 76
0 15 8 5 2 -1 75
0 15 10 7 2 -1 74
0 14 9 4 3 -1 73
0 13 11 5 0 -1 72
0 14 8 7 3 -1 71
0 15 11 4 1 -1 70
0 13 10 5 0 -1 69
0 13 10 5 3 -1 68
0 12 9 7 1 -1 67
0 13 8 5 1 -1 66
0 12 9 7 0 -1 65
0 14 10 6 0 -1 64
0 13 11 7 3 -1 63
0 13 9 7 1 -1 62
0 15 10 5 0 -1 61
0 13 10 4 3 -1 60
0 15 9 7 0 -1 59
0 12 9 6 2 -1 58
0 12 11 5 0 -1 57
0 12 11 6 1 -1 56
0 12 11 4 1 -1 55
0 14 11 4 2 -1 54
0 15 8 7 1 -1 53
0 15 11 6 2 -1 52
0 14 11 6 1 -1 51
0 12 10 5 0 -1 50
0 12 8 5 1 -1 49
0 15 9 7 3 -1 48
0 12 11 7 2 -1 47
0 13 11 6 3 -1 46
0 15 11 5 0 -1 45
0 13 10 5 1 -1 44
0 12 8 5 2 -1 43
0 12 8 4 2 -1 42
0 13 8 5 2 -1 41
0 12 11 6 0 -1 40
0 12 11 4 0 -1 39
0 13 11 5 1 -1 38
0 14 10 5 2 -1 37
0 13 10 5 3 -1 36
0 13 9 5 0 -1 35
0 12 9 6 1 -1 34
0 13 11 4 1 -1 33
0 14 9 5 2 -1 32
0 13 11 6 3 -1 31
0 12 11 7 0 -1 30
0 15 8 6 0 -1 29
0 14 9 5 1 -1 28
0 15 8 6 2 -1 27
0 14 8 7 0 -1 26
0 14 8 5 1 -1 25
0 15 10 7 1 -1 24
0 13 11 5 0 -1 23
0 13 8 7 2 -1 22
0 15 8 7 3 -1 21
0 14 9 7 2 -1 20
0 12 8 5 1 -1 19
0 14 8 7 2 -1 18
0 13 11 7 2 -1 17
0 12 9 4 3 -1 16
0 12 11 5 0 -1 15
0 13 11 6 1 -1 14
0 14 11 4 2 -1 13
0 14 8 6 1 -1 12
0 15 10 4 1 -1 11
0 15 9 7 2 -1 10
0 14 8 7 0 -1 9
0 15 8 6 2 -1 8
0 13 10 6 2 -1 7
0 13 9 5 0 -1 6
0 13 11 5 3 -1 5
0 15 10 5 1 -1 4
0 14 8 7 3 -1 3
0 12 10 7 0 -1 2
0 15 10 6 1 -1 1
0 14 11 4 0 -1 0
-1
