32
256
0 28 26 21 19 13 11 5 1 -1 255
0 28 26 20 16 15 11 5 3 -1 254
0 31 24 20 17 13 8 7 2 -1 253
0 30 27 22 16 12 8 7 3 -1 252
0 28 27 20 18 12 10 4 1 -1 251
0 29 27 23 19 15 9 6 3 -1 250
0 30 24 20 19 14 9 4 2 -1 249
0 28 27 20 16 14 11 4 0 -1 248
0 30 26 23 18 12 11 7 0 -1 247
0 28 24 21 18 13 10 4 2 -1 246
0 30 27 23 16 12 11 6 2 -1 245
0 31 25 20 19 15 8 4 0 -1 244
0 31 24 20 17 13 10 7 2 -1 243
0 30 25 20 17 12 10 7 1 -1 242
0 31 26 20 18 12 11 7 0 -1 241
0 29 24 20 19 13 10 7 3 -1 240
0 28 26 21 16 15 10 4 2 -1 239
0 31 25 20 19 13 8 6 0 -1 238
0 29 27 22 19 14 8 5 0 -1 237
0 31 24 20 16 13 9 6 2 -1 236
0 31 27 21 17 12 8 6 0 -1 235
0 29 24 21 18 13 11 7 1 -1 234
0 29 27 20 18 12 8 6 3 -1 233
0 28 25 23 18 15 10 4 2 -1 232
0 31 24 21 17 14 9 7 3 -1 231
0 29 27 23 19 12 10 5 0 -1 230
0 31 25 21 18 12 9 6 0 -1 229
0 30 25 23 18 13 8 5 0 -1 228
0 30 26 23 19 12 9 7 1 -1 227
0 28 24 20 19 13 9 5 3 -1 226
0 31 25 23 16 15 8 4 2 -1 225
0 29 25 22 19 15 10 5 1 -1 224
0 30 25 21 16 12 8 7 0 -1 223
0 29 26 22 16 14 8 7 0 -1 222
0 30 27 22 17 13 10 5 1 -1 221
0 28 25 22 16 12 9 4 0 -1 220
0 29 27 21 19 15 9 7 1 -1 219
0 28 27 21 18 14 10 4 3 -1 218
0 29 25 22 16 12 9 6 0 -1 217
0 30 25 20 19 14 11 4 3 -1 216
0 30 27 20 17 12 9 4 1 -1 215
0 31 26 21 17 14 11 6 2 -1 214
0 31 24 21 18 12 8 4 3 -1 213
0 28 25 22 17 12 9 4 0 -1 212
0 31 27 21 17 12 9 4 0 -1 211
0 31 24 20 19 14 9 7 0 -1 210
0 30 27 21 18 12 11 5 1 -1 209
0 30 24 21 16 15 10 5 1 -1 208
0 28 27 23 19 15 11 6 2 -1 207
0 30 26 23 19 13 11 6 3 -1 206
0 31 26 20 17 15 8 6 3 -1 205
0 29 27 20 16 15 10 6 1 -1 204
0 29 25 21 16 14 10 4 1 -1 203
0 31 26 20 19 12 10 6 3 -1 202
0 31 27 22 16 12 11 6 3 -1 201
0 29 24 21 16 14 10 5 3 -1 200
0 31 27 22 17 14 10 5 0 -1 199
0 31 27 20 16 12 11 6 2 -1 198
0 29 26 20 17 13 10 4 0 -1 197
0 29 24 21 17 15 8 5 1 -1 196
0 29 25 20 19 12 10 4 3 -1 195
0 29 25 23 16 13 10 4 1 -1 194
0 29 25 23 16 15 10 6 3 -1 193
0 29 26 23 18 13 8 6 0 -1 192
0 28 25 20 16 14 11 7 1 -1 191
0 30 27 22 17 13 9 6 0 -1 190
0 30 25 20 16 12 9 4 0 -1 189
0 28 24 20 17 12 10 5 0 -1 188
0 28 26 21 19 12 11 4 0 -1 187
0 29 24 23 18 12 9 6 2 -1 186
0 29 27 22 17 12 10 7 1 -1 185
0 28 26 21 17 13 11 4 2 -1 184
0 30 27 22 16 13 10 5 0 -1 183
0 31 27 23 17 14 10 4 0 -1 182
0 31 26 20 19 14 10 7 2 -1 181
0 30 25 21 19 13 11 4 1 -1 180
0 31 24 20 17 13 11 6 3 -1 179
0 30 27 21 17 14 9 6 3 -1 178
0 29 27 22 19 14 9 4 0 -1 177
0 31 26 21 19 15 8 4 0 -1 176
0 28 24 21 18 13 10 7 0 -1 175
0 29 24 21 17 12 9 5 2 -1 174
0 31 27 21 17 13 8 5 2 -1 173
0 28 25 21 16 15 9 5 2 -1 172
0 31 25 21 16 13 10 7 1 -1 171
0 28 24 21 18 14 8 4 0 -1 170
0 29 26 21 19 15 8 7 2 -1 169
0 28 24 20 18 13 8 5 3 -1 168
0 30 27 20 19 13 9 5 2 -1 167
0 28 25 21 16 12 11 7 2 -1 166
0 31 25 23 19 13 9 6 3 -1 165
0 28 25 21 19 15 11 7 3 -1 164
0 31 24 21 19 14 9 4 0 -1 163
0 30 26 20 16 15 10 5 3 -1 162
0 29 26 22 17 13 11 4 3 -1 161
0 30 26 23 16 12 10 6 1 -1 160
0 30 25 21 17 13 8 6 3 -1 159
0 31 26 21 17 13 10 7 0 -1 158
0 28 26 23 19 13 9 5 1 -1 157
0 30 27 21 19 12 10 4 0 -1 156
0 29 24 23 18 15 10 7 0 -1 155
0 31 27 20 16 13 8 6 1 -1 154
0 31 26 21 18 15 8 5 3 -1 153
0 31 26 23 19 12 11 5 0 -1 152
0 29 24 21 19 13 9 5 2 -1 151
0 29 24 22 19 15 9 4 1 -1 150
0 30 27 23 17 15 8 7 2 -1 149
0 31 24 20 16 14 11 7 0 -1 148
0 31 27 23 17 12 10 5 3 -1 147
0 28 25 21 16 15 9 5 3 -1 146
0 31 27 20 18 12 8 5 0 -1 145
0 30 25 21 17 15 9 4 3 -1 144
0 30 25 22 16 13 8 5 1 -1 143
0 31 26 20 19 13 10 5 1 -1 142
0 28 24 21 18 12 8 5 2 -1 141
0 31 25 20 16 15 9 5 0 -1 140
0 31 27 23 18 13 8 7 2 -1 139
0 28 27 22 16 12 11 7 3 -1 138
0 30 24 23 17 15 9 6 0 -1 137
0 31 25 20 18 12 11 5 2 -1 136
0 30 24 21 19 14 11 6 1 -1 135
0 28 25 21 19 14 11 6 1 -1 134
0 30 27 20 18 12 8 4 3 -1 133
0 31 24 20 17 12 10 6 1 -1 132
0 28 24 23 16 13 11 6 1 -1 131
0 31 27 20 19 14 11 7 3 -1 130
0 30 26 20 18 14 10 6 1 -1 129
0 31 27 21 17 15 9 5 3 -1 128
0 28 26 20 16 12 10 5 3 -1 127
0 28 24 20 17 13 11 4 1 -1 126
0 31 26 22 19 13 11 6 1 -1 125
0 29 24 21 18 13 8 7 3 -1 124
0 28 25 21 19 14 9 7 1 -1 123
0 30 26 21 16 14 10 7 3 -1 122
0 29 26 23 18 12 9 6 0 -1 121
0 28 27 22 18 15 10 5 0 -1 120
0 31 27 21 16 15 8 4 1 -1 119
0 29 24 21 17 12 11 5 2 -1 118
0 31 24 22 19 12 11 4 0 -1 117
0 28 27 20 18 15 11 4 0 -1 116
0 28 27 20 17 13 9 7 3 -1 115
0 30 26 21 18 15 9 6 1 -1 114
0 31 25 23 18 14 9 6 0 -1 113
0 28 24 21 18 12 11 4 2 -1 112
0 28 26 20 17 13 8 5 1 -1 111
0 28 26 22 16 13 11 7 1 -1 110
0 30 26 22 19 15 11 6 3 -1 109
0 29 25 21 17 14 9 6 3 -1 108
0 30 27 22 18 12 10 5 0 -1 107
0 30 27 22 17 15 10 4 0 -1 106
0 30 26 21 18 14 11 6 3 -1 105
0 30 25 21 18 15 8 5 2 -1 104
0 31 26 23 19 13 8 7 1 -1 103
0 31 25 20 18 14 10 6 3 -1 102
0 28 25 22 16 12 11 6 1 -1 101
0 31 27 20 18 12 8 6 0 -1 100
0 30 26 22 17 12 8 7 3 -1 99
0 31 25 20 18 14 11 6 1 -1 98
0 30 24 21 17 12 11 7 0 -1 97
0 30 26 22 17 13 10 6 3 -1 96
0 29 26 20 17 14 11 7 2 -1 95
0 30 24 21 19 12 8 4 2 -1 94
0 29 24 22 17 15 8 6 3 -1 93
0 31 24 22 16 15 9 5 3 -1 92
0 31 25 20 17 14 10 5 3 -1 91
0 29 24 22 19 14 11 4 1 -1 90
0 28 25 20 16 14 9 7 1 -1 89
0 29 26 23 18 13 11 7 3 -1 88
0 31 26 23 19 15 11 6 1 -1 87
0 29 26 22 17 15 8 5 3 -1 86
0 31 25 23 18 13 8 7 3 -1 85
0 30 26 23 19 13 10 5 0 -1 84
0 28 27 21 18 12 10 4 2 -1 83
0 30 25 20 19 15 8 7 0 -1 82
0 31 27 20 17 14 10 4 2 -1 81
0 29 25 22 16 13 9 4 2 -1 80
0 30 24 21 18 15 8 5 1 -1 79
0 28 27 21 17 15 10 7 3 -1 78
0 28 25 21 16 12 10 5 0 -1 77
0 30 26 22 19 12 11 5 1 -1 76
0 29 25 22 16 13 11 6 2 -1 75
0 30 24 22 16 15 8 6 1 -1 74
0 28 25 22 19 13 9 6 1 -1 73
0 28 25 23 19 13 11 6 3 -1 72
0 30 26 21 16 15 10 5 3 -1 71
0 31 25 23 16 14 11 6 1 -1 70
0 28 25 22 19 12 9 5 3 -1 69
0 29 27 22 16 13 9 7 2 -1 68
0 28 25 23 18 15 8 4 3 -1 67
0 29 27 22 16 15 11 4 2 -1 66
0 28 24 23 19 13 11 7 3 -1 65
0 29 24 22 19 13 9 6 1 -1 64
0 31 24 21 17 15 9 4 2 -1 63
0 31 24 20 16 13 11 6 3 -1 62
0 30 24 22 16 12 11 7 0 -1 61
0 29 24 20 16 14 11 7 1 -1 60
0 28 24 20 16 14 8 4 1 -1 59
0 30 27 22 18 15 10 5 0 -1 58
0 30 24 23 17 15 8 6 2 -1 57
0 29 25 20 16 15 8 7 1 -1 56
0 31 24 22 19 15 11 7 2 -1 55
0 30 26 20 17 15 11 6 3 -1 54
0 30 25 23 18 12 8 5 3 -1 53
0 29 24 23 18 15 9 5 0 -1 52
0 29 26 22 18 13 9 4 1 -1 51
0 31 27 21 19 13 11 4 1 -1 50
0 30 25 23 16 12 10 7 1 -1 49
0 31 25 23 18 13 10 5 2 -1 48
0 31 25 21 19 12 8 4 3 -1 47
0 29 24 23 19 14 10 6 3 -1 46
0 28 24 22 17 12 10 4 0 -1 45
0 31 26 20 16 13 10 7 2 -1 44
0 30 25 22 17 13 10 5 0 -1 43
0 30 27 20 16 13 9 4 0 -1 42
0 29 26 21 16 13 10 6 3 -1 41
0 30 24 23 17 12 8 7 3 -1 40
0 29 26 22 16 13 8 6 1 -1 39
0 29 27 21 19 12 11 5 2 -1 38
0 31 24 22 18 12 8 5 2 -1 37
0 31 26 23 16 14 8 6 3 -1 36
0 28 24 23 17 15 9 5 0 -1 35
0 29 24 22 19 14 8 6 0 -1 34
0 30 24 22 17 12 10 6 3 -1 33
0 31 26 22 17 13 11 6 0 -1 32
0 28 25 23 16 12 10 7 0 -1 31
0 30 26 20 16 14 9 4 0 -1 30
0 29 24 21 16 12 10 4 0 -1 29
0 31 25 21 17 15 10 5 2 -1 28
0 29 26 20 19 14 8 5 1 -1 27
0 29 27 23 16 15 9 4 0 -1 26
0 28 26 22 18 12 11 5 1 -1 25
0 30 25 21 17 13 8 6 3 -1 24
0 31 26 21 17 13 8 6 2 -1 23
0 31 24 21 16 13 11 5 3 -1 22
0 31 25 23 17 12 11 5 2 -1 21
0 31 26 23 16 13 11 5 2 -1 20
0 30 26 20 18 12 10 7 1 -1 19
0 30 27 22 16 12 9 5 0 -1 18
0 29 26 23 16 14 11 4 2 -1 17
0 30 26 20 16 13 10 5 1 -1 16
0 31 24 22 19 12 11 4 0 -1 15
0 28 27 23 17 15 10 4 0 -1 14
0 31 27 20 17 13 10 7 3 -1 13
0 29 27 23 17 14 8 5 0 -1 12
0 30 27 20 17 13 10 4 2 -1 11
0 29 27 22 17 12 11 5 0 -1 10
0 31 26 22 17 12 10 7 0 -1 9
0 29 26 21 19 13 11 7 1 -1 8
0 29 27 21 17 14 8 7 1 -1 7
0 28 27 21 16 12 8 6 1 -1 6
0 28 27 21 17 15 8 7 0 -1 5
0 28 24 23 18 13 8 6 2 -1 4
0 28 27 23 16 13 9 4 0 -1 3
0 28 26 20 17 14 10 4 1 -1 2
0 31 27 23 17 12 9 4 3 -1 1
0 29 26 23 17 12 9 6 3 -1 0
-1
