8
256
0 7 0 -1 255
0 7 1 -1 254
0 7 3 -1 253
0 7 0 -1 252
0 7 0 -1 251
0 7 2 -1 250
0 7 2 -1 249
0 7 3 -1 248
0 7 2 -1 247
0 7 2 -1 246
0 7 6 -1 245
0 7 5 -1 244
0 7 1 -1 243
0 7 3 -1 242
0 7 2 -1 241
0 7 4 -1 240
0 7 1 -1 239
0 7 0 -1 238
0 7 2 -1 237
0 7 3 -1 236
0 7 1 -1 235
0 7 4 -1 234
0 7 6 -1 233
0 7 6 -1 232
0 7 4 -1 231
0 7 2 -1 230
0 7 1 -1 229
0 7 5 -1 228
0 7 5 -1 227
0 7 2 -1 226
0 7 1 -1 225
0 7 3 -1 224
0 7 1 -1 223
0 7 3 -1 222
0 7 4 -1 221
0 7 0 -1 220
0 7 1 -1 219
0 7 0 -1 218
0 7 4 -1 217
0 7 3 -1 216
0 7 6 -1 215
0 7 0 -1 214
0 7 0 -1 213
0 7 6 -1 212
0 7 3 -1 211
0 7 6 -1 210
0 7 6 -1 209
0 7 4 -1 208
0 7 0 -1 207
0 7 1 -1 206
0 7 3 -1 205
0 7 3 -1 204
0 7 3 -1 203
0 7 6 -1 202
0 7 5 -1 201
0 7 2 -1 200
0 7 4 -1 199
0 7 3 -1 198
0 7 5 -1 197
0 7 5 -1 196
0 7 0 -1 195
0 7 6 -1 194
0 7 4 -1 193
0 7 0 -1 192
0 7 5 -1 191
0 7 6 -1 190
0 7 2 -1 189
0 7 5 -1 188
0 7 3 -1 187
0 7 2 -1 186
0 7 6 -1 185
0 7 6 -1 184
0 7 5 -1 183
0 7 2 -1 182
0 7 3 -1 181
0 7 0 -1 180
0 7 3 -1 179
0 7 5 -1 178
0 7 0 -1 177
0 7 4 -1 176
0 7 3 -1 175
0 7 6 -1 174
0 7 0 -1 173
0 7 5 -1 172
0 7 4 -1 171
0 7 5 -1 170
0 7 1 -1 169
0 7 4 -1 168
0 7 4 -1 167
0 7 4 -1 166
0 7 0 -1 165
0 7 2 -1 164
0 7 6 -1 163
0 7 5 -1 162
0 7 1 -1 161
0 7 6 -1 160
0 7 3 -1 159
0 7 6 -1 158
0 7 0 -1 157
0 7 6 -1 156
0 7 3 -1 155
0 7 2 -1 154
0 7 2 -1 153
0 7 6 -1 152
0 7 3 -1 151
0 7 3 -1 150
0 7 1 -1 149
0 7 2 -1 148
0 7 0 -1 147
0 7 2 -1 146
0 7 0 -1 145
0 7 4 -1 144
0 7 2 -1 143
0 7 1 -1 142
0 7 2 -1 141
0 7 2 -1 140
0 7 0 -1 139
0 7 2 -1 138
0 7 6 -1 137
0 7 1 -1 136
0 7 1 -1 135
0 7 0 -1 134
0 7 0 -1 133
0 7 3 -1 132
0 7 4 -1 131
0 7 0 -1 130
0 7 4 -1 129
0 7 5 -1 128
0 7 2 -1 127
0 7 4 -1 126
0 7 1 -1 125
0 7 4 -1 124
0 7 1 -1 123
0 7 1 -1 122
0 7 5 -1 121
0 7 0 -1 120
0 7 2 -1 119
0 7 0 -1 118
0 7 4 -1 117
0 7 1 -1 116
0 7 6 -1 115
0 7 0 -1 114
0 7 3 -1 113
0 7 3 -1 112
0 7 2 -1 111
0 7 2 -1 110
0 7 2 -1 109
0 7 3 -1 108
0 7 1 -1 107
0 7 2 -1 106
0 7 3 -1 105
0 7 4 -1 104
0 7 1 -1 103
0 7 1 -1 102
0 7 5 -1 101
0 7 4 -1 100
0 7 4 -1 99
0 7 4 -1 98
0 7 2 -1 97
0 7 2 -1 96
0 7 0 -1 95
0 7 4 -1 94
0 7 6 -1 93
0 7 2 -1 92
0 7 3 -1 91
0 7 0 -1 90
0 7 6 -1 89
0 7 2 -1 88
0 7 5 -1 87
0 7 3 -1 86
0 7 5 -1 85
0 7 3 -1 84
0 7 1 -1 83
0 7 3 -1 82
0 7 3 -1 81
0 7 6 -1 80
0 7 4 -1 79
0 7 2 -1 78
0 7 3 -1 77
0 7 0 -1 76
0 7 0 -1 75
0 7 5 -1 74
0 7 1 -1 73
0 7 6 -1 72
0 7 4 -1 71
0 7 2 -1 70
0 7 6 -1 69
0 7 3 -1 68
0 7 0 -1 67
0 7 3 -1 66
0 7 2 -1 65
0 7 4 -1 64
0 7 6 -1 63
0 7 3 -1 62
0 7 2 -1 61
0 7 4 -1 60
0 7 0 -1 59
0 7 3 -1 58
0 7 4 -1 57
0 7 0 -1 56
0 7 1 -1 55
0 7 4 -1 54
0 7 3 -1 53
0 7 1 -1 52
0 7 3 -1 51
0 7 3 -1 50
0 7 4 -1 49
0 7 3 -1 48
0 7 3 -1 47
0 7 3 -1 46
0 7 5 -1 45
0 7 3 -1 44
0 7 3 -1 43
0 7 0 -1 42
0 7 5 -1 41
0 7 1 -1 40
0 7 5 -1 39
0 7 6 -1 38
0 7 5 -1 37
0 7 5 -1 36
0 7 4 -1 35
0 7 5 -1 34
0 7 0 -1 33
0 7 6 -1 32
0 7 1 -1 31
0 7 1 -1 30
0 7 5 -1 29
0 7 1 -1 28
0 7 1 -1 27
0 7 5 -1 26
0 7 4 -1 25
0 7 0 -1 24
0 7 0 -1 23
0 7 1 -1 22
0 7 2 -1 21
0 7 1 -1 20
0 7 4 -1 19
0 7 1 -1 18
0 7 4 -1 17
0 7 6 -1 16
0 7 4 -1 15
0 7 4 -1 14
0 7 5 -1 13
0 7 6 -1 12
0 7 4 -1 11
0 7 3 -1 10
0 7 1 -1 9
0 7 4 -1 8
0 7 0 -1 7
0 7 0 -1 6
0 7 5 -1 5
0 7 3 -1 4
0 7 2 -1 3
0 7 5 -1 2
0 7 0 -1 1
0 7 2 -1 0
-1
