16
256
0 14 10 7 2 -1 255
0 15 10 6 2 -1 253
0 14 9 4 2 -1 251
0 15 11 7 2 -1 249
0 15 11 5 0 -1 247
0 15 10 6 3 -1 245
0 12 11 4 0 -1 243
0 13 9 5 2 -1 241
0 14 8 5 2 -1 239
0 15 10 6 1 -1 237
0 13 11 4 2 -1 235
0 13 8 6 2 -1 233
0 14 10 6 0 -1 231
0 15 8 7 1 -1 229
0 15 9 5 2 -1 227
0 13 11 6 0 -1 225
0 14 10 5 2 -1 223
0 12 10 5 2 -1 221
0 13 11 5 3 -1 219
0 14 9 4 1 -1 217
0 15 8 5 0 -1 215
0 13 9 6 3 -1 213
0 15 8 5 2 -1 211
0 13 11 4 3 -1 209
0 12 10 7 1 -1 207
0 15 11 7 2 -1 205
0 13 8 6 3 -1 203
0 14 9 7 1 -1 201
0 15 9 6 1 -1 199
0 14 8 7 1 -1 197
0 15 11 7 2 -1 195
0 15 8 4 3 -1 193
0 12 8 7 3 -1 191
0 12 8 7 3 -1 189
0 15 11 7 2 -1 187
0 14 10 7 0 -1 185
0 14 9 4 0 -1 183
0 12 8 6 3 -1 181
0 14 11 7 2 -1 179
0 13 10 6 0 -1 177
0 15 11 5 1 -1 175
0 13 11 5 2 -1 173
0 13 9 7 0 -1 171
0 13 11 5 3 -1 169
0 13 10 5 0 -1 167
0 12 10 4 2 -1 165
0 15 11 6 0 -1 163
0 14 8 7 2 -1 161
0 14 11 4 3 -1 159
0 13 10 4 3 -1 157
0 14 10 4 2 -1 155
0 13 11 5 3 -1 153
0 15 9 5 2 -1 151
0 14 10 7 1 -1 149
0 12 10 4 2 -1 147
0 15 10 5 0 -1 145
0 15 11 6 2 -1 143
0 14 10 5 3 -1 141
0 15 9 6 2 -1 139
0 14 9 5 2 -1 137
0 12 9 4 3 -1 135
0 12 11 6 1 -1 133
0 14 10 5 1 -1 131
0 12 10 5 0 -1 129
0 12 11 5 0 -1 127
0 14 11 6 1 -1 125
0 14 11 7 2 -1 123
0 14 9 6 1 -1 121
0 15 9 4 1 -1 119
0 15 11 6 0 -1 117
0 12 11 4 0 -1 115
0 13 11 6 3 -1 113
0 12 9 5 2 -1 111
0 15 10 5 3 -1 109
0 15 8 6 0 -1 107
0 15 9 7 0 -1 105
0 14 8 7 0 -1 103
0 12 10 7 1 -1 101
0 13 10 6 1 -1 99
0 12 11 5 2 -1 97
0 15 11 6 0 -1 95
0 15 10 6 0 -1 93
0 12 8 5 3 -1 91
0 15 9 7 1 -1 89
0 14 11 5 2 -1 87
0 14 8 5 3 -1 85
0 15 8 7 1 -1 83
0 13 11 7 2 -1 81
0 13 9 6 0 -1 79
0 12 8 5 0 -1 77
0 13 8 7 3 -1 75
0 15 10 4 3 -1 73
0 12 8 6 3 -1 71
0 14 11 5 3 -1 69
0 15 10 6 3 -1 67
0 13 10 6 2 -1 65
0 12 9 5 0 -1 63
0 13 9 5 0 -1 61
0 15 10 7 0 -1 59
0 13 9 6 0 -1 57
0 15 8 6 2 -1 55
0 14 11 7 0 -1 53
0 14 10 4 2 -1 51
0 12 10 7 3 -1 49
0 13 11 7 0 -1 47
0 13 11 4 0 -1 45
0 15 8 6 2 -1 43
0 14 11 5 3 -1 41
0 12 10 5 1 -1 39
0 13 11 4 0 -1 37
0 15 9 6 2 -1 35
0 15 11 5 2 -1 33
0 15 8 7 1 -1 31
0 14 11 5 3 -1 29
0 15 9 4 3 -1 27
0 12 11 4 3 -1 25
0 13 9 7 1 -1 23
0 14 8 4 1 -1 21
0 14 8 6 1 -1 19
0 15 10 5 2 -1 17
0 14 11 7 0 -1 15
0 14 11 5 0 -1 13
0 15 9 4 2 -1 11
0 15 9 7 3 -1 9
0 12 9 7 1 -1 7
0 13 9 4 2 -1 5
0 12 8 7 2 -1 3
0 12 8 6 1 -1 1
-1
