32
256
0 31 24 20 19 12 11 7 0 -1 255
0 30 26 20 17 13 11 6 2 -1 253
0 28 24 23 18 12 10 7 0 -1 251
0 30 24 22 16 15 11 7 1 -1 249
0 31 26 20 17 13 8 5 2 -1 247
0 29 26 20 18 13 9 6 0 -1 245
0 30 25 20 18 12 9 7 3 -1 243
0 29 24 23 17 12 8 6 0 -1 241
0 29 25 23 19 13 10 4 0 -1 239
0 30 26 20 17 15 9 6 1 -1 237
0 29 27 22 19 13 9 7 0 -1 235
0 31 24 21 18 12 9 4 0 -1 233
0 30 25 21 17 13 11 4 2 -1 231
0 29 25 20 19 12 8 5 1 -1 229
0 30 24 21 17 12 8 4 1 -1 227
0 30 27 21 18 15 11 4 1 -1 225
0 29 25 23 16 12 8 4 0 -1 223
0 31 25 20 17 13 10 6 1 -1 221
0 30 24 20 18 14 10 7 1 -1 219
0 31 26 20 18 13 11 4 1 -1 217
0 30 26 21 16 13 11 6 3 -1 215
0 29 24 20 19 14 10 6 1 -1 213
0 28 27 23 16 12 11 7 3 -1 211
0 28 27 22 18 12 8 4 1 -1 209
0 29 25 20 17 14 11 6 2 -1 207
0 30 27 21 19 14 11 6 1 -1 205
0 29 27 20 16 13 9 6 0 -1 203
0 31 26 21 17 13 10 6 0 -1 201
0 31 27 22 18 15 11 5 0 -1 199
0 28 26 23 19 15 8 4 1 -1 197
0 29 25 22 18 13 10 6 2 -1 195
0 30 24 21 18 13 10 5 3 -1 193
0 29 26 22 19 13 10 6 3 -1 191
0 28 25 21 19 12 10 6 0 -1 189
0 30 26 21 17 15 9 6 0 -1 187
0 31 25 23 16 14 11 7 2 -1 185
0 30 24 22 17 14 10 4 1 -1 183
0 29 26 23 19 15 9 4 0 -1 181
0 28 27 20 16 15 10 6 3 -1 179
0 30 27 23 18 13 9 6 1 -1 177
0 31 25 20 19 13 10 7 0 -1 175
0 28 24 20 19 14 8 5 3 -1 173
0 30 26 20 16 12 11 4 3 -1 171
0 29 27 20 16 14 10 5 0 -1 169
0 28 26 21 18 15 11 7 3 -1 167
0 30 26 23 16 13 9 7 0 -1 165
0 28 24 22 18 15 10 4 3 -1 163
0 31 25 22 16 14 11 7 1 -1 161
0 28 25 22 16 15 9 7 0 -1 159
0 29 26 20 16 15 10 4 3 -1 157
0 28 25 22 19 13 8 5 2 -1 155
0 28 25 22 17 13 11 4 3 -1 153
0 30 24 20 19 13 8 4 0 -1 151
0 31 26 21 19 12 10 5 2 -1 149
0 31 27 21 17 15 8 5 1 -1 147
0 31 27 23 16 15 10 4 2 -1 145
0 31 26 22 19 13 8 5 2 -1 143
0 31 26 23 16 12 11 6 2 -1 141
0 31 25 20 16 14 10 7 2 -1 139
0 30 25 22 16 12 8 4 0 -1 137
0 30 26 23 18 13 9 7 1 -1 135
0 28 25 23 19 12 11 6 0 -1 133
0 29 27 22 19 14 10 5 3 -1 131
0 28 26 20 19 14 10 6 1 -1 129
0 30 26 22 19 13 10 6 3 -1 127
0 31 25 21 16 12 11 4 3 -1 125
0 29 26 20 18 12 10 5 2 -1 123
0 30 25 22 16 13 8 5 1 -1 121
0 28 24 20 17 13 11 5 2 -1 119
0 31 24 20 16 13 8 4 0 -1 117
0 29 25 22 18 14 11 4 1 -1 115
0 29 24 20 17 12 8 5 3 -1 113
0 28 24 22 18 12 8 7 3 -1 111
0 30 27 23 16 14 10 5 2 -1 109
0 30 24 21 17 12 9 7 3 -1 107
0 30 26 21 17 13 9 5 2 -1 105
0 28 26 20 16 15 11 4 3 -1 103
0 31 27 22 16 12 8 4 3 -1 101
0 31 26 20 16 15 8 5 3 -1 99
0 30 26 22 16 13 8 6 3 -1 97
0 29 27 23 16 12 8 5 1 -1 95
0 30 25 23 17 14 11 6 1 -1 93
0 29 25 20 17 15 11 5 1 -1 91
0 30 27 20 19 14 9 5 1 -1 89
0 31 24 23 17 15 9 5 1 -1 87
0 30 27 20 16 13 8 7 2 -1 85
0 28 25 22 18 14 9 7 0 -1 83
0 31 26 21 19 15 11 4 2 -1 81
0 30 26 20 19 12 8 6 3 -1 79
0 30 24 21 19 14 8 7 0 -1 77
0 28 25 22 16 15 9 6 3 -1 75
0 31 25 20 17 13 10 5 2 -1 73
0 31 24 20 18 14 11 5 1 -1 71
0 28 26 21 19 15 11 7 0 -1 69
0 29 27 21 17 15 8 7 2 -1 67
0 31 27 23 16 13 9 4 0 -1 65
0 31 26 23 17 12 10 5 0 -1 63
0 31 25 23 18 13 11 5 0 -1 61
0 31 24 23 16 14 8 5 3 -1 59
0 28 27 20 17 15 8 5 0 -1 57
0 31 27 21 19 14 8 7 3 -1 55
0 31 25 20 16 15 10 5 0 -1 53
0 30 26 20 17 13 8 4 1 -1 51
0 30 27 20 18 13 10 6 2 -1 49
0 29 27 22 16 13 9 6 2 -1 47
0 30 27 23 16 12 11 5 0 -1 45
0 29 25 20 18 14 8 4 3 -1 43
0 31 26 22 19 13 9 5 0 -1 41
0 29 25 22 16 13 11 6 2 -1 39
0 30 26 23 19 12 11 4 1 -1 37
0 28 27 20 18 13 11 5 3 -1 35
0 29 25 22 16 15 11 5 2 -1 33
0 29 26 20 18 12 10 5 3 -1 31
0 28 24 20 17 13 10 7 3 -1 29
0 29 27 20 17 13 9 4 3 -1 27
0 29 27 23 19 14 8 6 1 -1 25
0 29 26 23 19 14 9 6 1 -1 23
0 30 27 20 19 14 10 4 0 -1 21
0 31 24 23 19 14 9 4 3 -1 19
0 29 24 20 18 14 8 6 1 -1 17
0 31 27 23 17 13 11 5 2 -1 15
0 30 27 20 19 12 8 7 2 -1 13
0 28 27 23 19 13 8 4 1 -1 11
0 30 24 23 17 12 11 6 1 -1 9
0 31 27 21 17 15 8 4 2 -1 7
0 29 24 21 17 12 11 6 0 -1 5
0 29 25 21 17 13 10 7 1 -1 3
0 30 26 21 19 13 9 7 2 -1 1
-1
