4
256
0 3 -1 255
0 3 -1 253
0 2 -1 251
0 1 -1 249
0 3 -1 247
0 3 -1 245
0 1 -1 243
0 1 -1 241
0 1 -1 239
0 0 -1 237
0 0 -1 235
0 1 -1 233
0 0 -1 231
0 3 -1 229
0 0 -1 227
0 2 -1 225
0 3 -1 223
0 1 -1 221
0 2 -1 219
0 3 -1 217
0 3 -1 215
0 1 -1 213
0 0 -1 211
0 1 -1 209
0 3 -1 207
0 2 -1 205
0 1 -1 203
0 0 -1 201
0 1 -1 199
0 2 -1 197
0 2 -1 195
0 3 -1 193
0 3 -1 191
0 3 -1 189
0 3 -1 187
0 2 -1 185
0 0 -1 183
0 0 -1 181
0 0 -1 179
0 3 -1 177
0 2 -1 175
0 1 -1 173
0 1 -1 171
0 3 -1 169
0 0 -1 167
0 1 -1 165
0 1 -1 163
0 1 -1 161
0 0 -1 159
0 1 -1 157
0 2 -1 155
0 0 -1 153
0 1 -1 151
0 2 -1 149
0 0 -1 147
0 3 -1 145
0 0 -1 143
0 3 -1 141
0 1 -1 139
0 1 -1 137
0 2 -1 135
0 1 -1 133
0 0 -1 131
0 2 -1 129
0 1 -1 127
0 3 -1 125
0 1 -1 123
0 0 -1 121
0 3 -1 119
0 2 -1 117
0 2 -1 115
0 3 -1 113
0 0 -1 111
0 3 -1 109
0 0 -1 107
0 3 -1 105
0 0 -1 103
0 3 -1 101
0 3 -1 99
0 3 -1 97
0 1 -1 95
0 3 -1 93
0 1 -1 91
0 3 -1 89
0 3 -1 87
0 0 -1 85
0 2 -1 83
0 0 -1 81
0 3 -1 79
0 3 -1 77
0 1 -1 75
0 3 -1 73
0 2 -1 71
0 2 -1 69
0 1 -1 67
0 1 -1 65
0 2 -1 63
0 2 -1 61
0 3 -1 59
0 1 -1 57
0 0 -1 55
0 3 -1 53
0 1 -1 51
0 3 -1 49
0 0 -1 47
0 3 -1 45
0 0 -1 43
0 2 -1 41
0 0 -1 39
0 3 -1 37
0 1 -1 35
0 0 -1 33
0 2 -1 31
0 2 -1 29
0 2 -1 27
0 1 -1 25
0 0 -1 23
0 2 -1 21
0 2 -1 19
0 1 -1 17
0 3 -1 15
0 0 -1 13
0 1 -1 11
0 3 -1 9
0 3 -1 7
0 2 -1 5
0 2 -1 3
0 3 -1 1
-1
