0 30 26 20 19 15 10 4 0 -1 255
0 28 24 20 17 15 8 7 1 -1 251
0 29 25 22 16 13 10 7 3 -1 247
0 28 25 20 17 12 11 5 2 -1 243
0 31 26 22 16 14 10 5 0 -1 239
0 31 26 20 16 13 10 6 0 -1 235
0 29 25 20 18 15 9 5 2 -1 231
0 29 26 22 17 13 9 6 3 -1 227
0 30 24 21 17 15 8 4 2 -1 223
0 30 25 23 17 13 9 4 3 -1 219
0 30 27 22 17 12 10 6 1 -1 215
0 28 26 21 19 14 10 6 0 -1 211
0 30 25 23 17 14 10 7 2 -1 207
0 28 24 20 19 14 11 4 1 -1 203
0 30 24 23 16 14 10 7 1 -1 199
0 29 27 21 18 13 8 5 0 -1 195
0 31 27 22 16 12 9 7 2 -1 191
0 29 24 20 19 15 9 7 2 -1 187
0 30 26 21 17 15 9 5 2 -1 183
0 28 24 20 16 14 10 4 3 -1 179
0 29 26 20 19 12 9 7 3 -1 175
0 31 24 20 16 12 8 4 0 -1 171
0 28 25 20 18 13 8 6 0 -1 167
0 28 24 21 19 15 10 6 2 -1 163
0 31 25 23 16 14 10 5 3 -1 159
0 29 24 20 17 14 10 5 1 -1 155
0 31 25 21 18 15 10 6 0 -1 151
0 31 26 21 18 12 11 5 0 -1 147
0 31 24 22 19 14 10 4 3 -1 143
0 31 26 21 17 14 11 5 2 -1 139
0 28 24 23 16 13 9 5 1 -1 135
0 30 24 20 17 15 9 6 3 -1 131
0 31 26 20 17 15 8 5 2 -1 127
0 29 25 20 16 14 8 4 1 -1 123
0 31 26 20 17 13 11 7 1 -1 119
0 28 24 23 16 12 9 7 1 -1 115
0 29 27 22 18 13 10 4 3 -1 111
0 28 27 20 17 14 8 4 1 -1 107
0 30 26 21 16 15 9 6 3 -1 103
0 31 27 22 18 14 10 7 0 -1 99
0 29 26 21 16 15 9 7 0 -1 95
0 30 25 20 18 15 11 5 2 -1 91
0 30 26 22 19 12 10 7 0 -1 87
0 28 25 20 16 12 9 7 3 -1 83
0 28 27 21 19 12 9 4 1 -1 79
0 29 24 20 17 12 8 4 2 -1 75
0 29 24 23 19 15 10 7 0 -1 71
0 31 26 20 18 13 8 4 0 -1 67
0 30 26 20 16 14 8 7 1 -1 63
0 29 25 22 16 14 8 7 0 -1 59
0 30 25 20 16 12 10 5 0 -1 55
0 29 27 22 17 14 10 7 1 -1 51
0 28 27 20 16 13 8 4 0 -1 47
0 31 26 22 19 15 10 5 0 -1 43
0 30 27 23 17 15 9 6 1 -1 39
0 29 25 21 16 15 11 4 2 -1 35
0 29 26 21 17 15 11 4 1 -1 31
0 28 24 21 18 15 11 6 2 -1 27
0 31 26 22 19 12 9 6 2 -1 23
0 30 26 21 16 12 11 7 0 -1 19
0 30 25 22 19 12 10 7 3 -1 15
0 29 26 20 19 15 10 7 2 -1 11
0 28 25 21 16 15 10 6 1 -1 7
0 29 25 20 18 13 8 7 3 -1 3
-1