0 0 -1 255
0 0 -1 251
0 1 -1 247
0 2 -1 243
0 0 -1 239
0 1 -1 235
0 3 -1 231
0 2 -1 227
0 0 -1 223
0 2 -1 219
0 0 -1 215
0 3 -1 211
0 3 -1 207
0 3 -1 203
0 0 -1 199
0 2 -1 195
0 3 -1 191
0 3 -1 187
0 0 -1 183
0 0 -1 179
0 0 -1 175
0 2 -1 171
0 0 -1 167
0 1 -1 163
0 2 -1 159
0 1 -1 155
0 2 -1 151
0 3 -1 147
0 2 -1 143
0 2 -1 139
0 2 -1 135
0 1 -1 131
0 3 -1 127
0 0 -1 123
0 0 -1 119
0 2 -1 115
0 2 -1 111
0 3 -1 107
0 1 -1 103
0 3 -1 99
0 2 -1 95
0 3 -1 91
0 2 -1 87
0 2 -1 83
0 1 -1 79
0 2 -1 75
0 3 -1 71
0 2 -1 67
0 3 -1 63
0 0 -1 59
0 0 -1 55
0 1 -1 51
0 2 -1 47
0 2 -1 43
0 2 -1 39
0 2 -1 35
0 2 -1 31
0 1 -1 27
0 0 -1 23
0 0 -1 19
0 3 -1 15
0 1 -1 11
0 2 -1 7
0 2 -1 3
-1