0 62 56 52 50 45 42 37 33 28 26 22 17 13 9 6 0 -1 255
0 61 59 52 48 45 40 38 34 29 26 20 17 13 10 4 2 -1 251
0 61 57 54 48 44 43 39 32 30 24 21 16 14 9 4 3 -1 247
0 62 58 54 51 46 43 36 34 31 24 22 18 12 11 6 2 -1 243
0 61 57 54 51 45 40 39 33 28 25 20 18 15 10 4 0 -1 239
0 60 56 53 51 46 41 39 32 29 24 23 18 15 10 7 2 -1 235
0 62 57 53 48 44 40 36 33 29 24 23 17 13 8 4 1 -1 231
0 60 57 52 49 47 43 39 33 29 24 22 19 14 11 4 2 -1 227
0 61 59 54 48 44 41 36 33 29 24 21 17 14 8 5 1 -1 223
0 62 58 55 50 46 42 37 34 30 26 22 16 12 10 4 2 -1 219
0 60 56 55 51 45 41 36 33 28 26 20 17 12 11 5 2 -1 215
0 63 56 54 48 46 40 36 35 31 24 20 17 13 10 4 1 -1 211
0 61 56 54 51 46 41 36 34 29 26 20 17 13 10 7 0 -1 207
0 63 56 52 49 44 41 39 32 31 27 20 17 13 10 4 3 -1 203
0 60 59 55 49 47 42 39 32 29 27 21 16 15 10 7 1 -1 199
0 63 57 55 51 44 41 38 35 31 25 21 18 13 9 6 1 -1 195
0 60 56 52 50 47 42 36 34 29 26 21 19 12 10 5 1 -1 191
0 63 57 54 50 45 43 39 33 28 26 20 18 13 10 6 1 -1 187
0 62 59 54 51 47 42 38 34 29 26 23 17 12 11 5 0 -1 183
0 61 56 54 49 46 42 39 35 28 25 22 16 12 11 4 3 -1 179
0 63 56 55 48 44 43 36 33 31 24 22 17 13 9 6 0 -1 175
0 60 56 52 48 47 40 37 33 28 26 23 16 15 11 7 2 -1 171
0 62 59 52 48 46 43 36 34 30 24 22 18 13 11 6 3 -1 167
0 61 58 53 51 47 41 36 34 31 25 23 17 14 10 4 2 -1 163
0 60 56 54 49 44 40 39 34 28 24 20 18 15 9 6 3 -1 159
0 60 56 53 48 46 41 37 34 28 25 23 16 13 9 6 3 -1 155
0 61 58 54 50 45 40 36 32 29 25 23 17 14 10 6 0 -1 151
0 62 57 55 49 45 43 39 33 31 26 21 19 14 9 7 3 -1 147
0 63 58 54 50 45 40 36 34 30 25 23 17 12 11 5 3 -1 143
0 62 59 54 50 44 40 37 33 31 24 20 16 13 11 4 1 -1 139
0 60 56 55 51 44 40 38 32 28 26 23 18 13 11 4 1 -1 135
0 63 56 53 48 46 40 39 33 29 24 21 16 14 11 4 2 -1 131
0 62 56 52 51 44 40 39 34 31 25 23 16 12 11 6 0 -1 127
0 63 56 55 49 45 40 37 32 28 24 20 19 14 10 4 3 -1 123
0 60 59 54 51 46 43 36 32 28 25 20 19 15 8 6 0 -1 119
0 63 59 54 49 45 40 36 33 30 27 22 17 12 11 5 0 -1 115
0 61 56 52 51 46 40 37 35 28 24 23 17 12 9 6 2 -1 111
0 63 59 54 49 47 41 38 33 31 26 21 16 14 9 7 0 -1 107
0 61 58 53 51 44 41 38 35 29 24 21 17 12 10 7 1 -1 103
0 62 56 55 48 46 41 36 33 28 27 22 18 14 11 5 2 -1 99
0 63 58 52 48 47 40 39 34 30 25 20 18 14 8 5 1 -1 95
0 63 58 53 49 46 43 38 35 30 26 23 17 13 9 7 1 -1 91
0 60 56 55 49 47 40 37 33 29 27 21 19 12 11 4 2 -1 87
0 60 56 53 51 47 42 36 34 30 24 22 16 13 9 7 3 -1 83
0 60 57 53 50 44 42 38 32 28 26 20 16 12 11 4 1 -1 79
0 61 57 55 51 45 41 38 34 31 25 20 18 12 9 7 3 -1 75
0 60 57 55 49 47 41 38 35 28 24 21 19 14 9 5 0 -1 71
0 61 59 52 48 47 40 36 32 31 26 21 16 14 8 4 0 -1 67
0 60 58 52 50 46 40 38 34 31 25 21 17 14 11 5 1 -1 63
0 60 57 53 51 44 43 37 34 29 26 22 17 13 9 5 2 -1 59
0 63 57 54 50 46 40 39 34 28 24 23 17 15 9 4 0 -1 55
0 63 59 54 50 44 40 36 33 30 26 23 17 14 10 7 0 -1 51
0 63 58 55 48 44 40 37 32 30 26 23 18 14 8 5 1 -1 47
0 63 59 54 51 44 43 38 32 30 27 22 16 14 10 7 3 -1 43
0 61 58 52 50 47 40 37 35 31 24 23 19 15 8 5 2 -1 39
0 61 57 54 50 47 41 38 32 30 24 22 17 13 10 7 3 -1 35
0 62 57 52 50 44 41 37 35 29 24 23 17 13 10 6 0 -1 31
0 62 58 53 50 46 42 38 33 30 25 23 18 15 11 4 3 -1 27
0 61 58 54 50 47 42 37 34 30 24 22 16 12 8 6 3 -1 23
0 62 57 52 48 44 40 37 34 28 26 23 19 12 8 7 0 -1 19
0 62 57 54 49 45 42 36 34 29 26 23 19 13 8 5 0 -1 15
0 61 59 53 50 46 40 37 34 29 27 20 16 12 11 4 3 -1 11
0 63 59 52 50 47 41 37 33 28 26 22 16 13 10 7 0 -1 7
0 61 57 54 48 45 40 38 33 30 24 20 16 14 8 4 3 -1 3
-1