0 15 10 6 0 -1 255
0 15 11 7 0 -1 251
0 15 8 6 2 -1 247
0 14 10 5 1 -1 243
0 13 9 5 1 -1 239
0 13 8 7 2 -1 235
0 13 10 4 3 -1 231
0 13 8 4 1 -1 227
0 13 9 7 2 -1 223
0 15 10 5 1 -1 219
0 15 10 7 2 -1 215
0 14 10 4 3 -1 211
0 14 11 7 0 -1 207
0 15 11 7 0 -1 203
0 13 10 5 3 -1 199
0 12 8 4 0 -1 195
0 14 11 5 2 -1 191
0 14 10 7 3 -1 187
0 12 10 5 2 -1 183
0 12 11 7 0 -1 179
0 15 10 4 2 -1 175
0 14 8 6 0 -1 171
0 13 8 6 1 -1 167
0 12 9 5 0 -1 163
0 12 8 7 3 -1 159
0 15 10 6 0 -1 155
0 12 8 7 1 -1 151
0 12 11 6 1 -1 147
0 14 10 6 1 -1 143
0 14 10 6 1 -1 139
0 14 10 7 0 -1 135
0 13 8 4 1 -1 131
0 15 8 4 0 -1 127
0 12 10 5 1 -1 123
0 15 9 6 1 -1 119
0 15 8 7 3 -1 115
0 14 8 6 0 -1 111
0 12 9 5 0 -1 107
0 12 10 4 1 -1 103
0 15 8 4 2 -1 99
0 12 11 6 0 -1 95
0 15 8 4 2 -1 91
0 14 10 4 0 -1 87
0 12 11 7 0 -1 83
0 15 8 4 2 -1 79
0 13 11 6 1 -1 75
0 15 9 5 0 -1 71
0 12 11 6 1 -1 67
0 12 9 5 2 -1 63
0 12 10 6 2 -1 59
0 14 9 6 3 -1 55
0 13 11 6 0 -1 51
0 13 10 6 3 -1 47
0 15 8 4 1 -1 43
0 14 11 7 0 -1 39
0 12 8 7 2 -1 35
0 15 8 6 1 -1 31
0 12 10 4 0 -1 27
0 14 11 5 1 -1 23
0 15 9 7 3 -1 19
0 14 11 7 1 -1 15
0 15 9 4 2 -1 11
0 15 9 4 1 -1 7
0 14 11 4 3 -1 3
-1