0 7 0 -1 255
0 7 2 -1 251
0 7 6 -1 247
0 7 0 -1 243
0 7 0 -1 239
0 7 3 -1 235
0 7 0 -1 231
0 7 6 -1 227
0 7 0 -1 223
0 7 4 -1 219
0 7 3 -1 215
0 7 4 -1 211
0 7 1 -1 207
0 7 5 -1 203
0 7 5 -1 199
0 7 0 -1 195
0 7 0 -1 191
0 7 2 -1 187
0 7 3 -1 183
0 7 4 -1 179
0 7 1 -1 175
0 7 4 -1 171
0 7 1 -1 167
0 7 3 -1 163
0 7 0 -1 159
0 7 4 -1 155
0 7 2 -1 151
0 7 6 -1 147
0 7 3 -1 143
0 7 1 -1 139
0 7 5 -1 135
0 7 3 -1 131
0 7 5 -1 127
0 7 0 -1 123
0 7 1 -1 119
0 7 5 -1 115
0 7 2 -1 111
0 7 0 -1 107
0 7 3 -1 103
0 7 5 -1 99
0 7 3 -1 95
0 7 5 -1 91
0 7 3 -1 87
0 7 0 -1 83
0 7 2 -1 79
0 7 4 -1 75
0 7 5 -1 71
0 7 6 -1 67
0 7 1 -1 63
0 7 1 -1 59
0 7 0 -1 55
0 7 6 -1 51
0 7 0 -1 47
0 7 6 -1 43
0 7 2 -1 39
0 7 4 -1 35
0 7 4 -1 31
0 7 6 -1 27
0 7 2 -1 23
0 7 6 -1 19
0 7 6 -1 15
0 7 6 -1 11
0 7 3 -1 7
0 7 1 -1 3
-1