32
256
0 30 29 28 27 25 24 22 21 20 18 17 16 14 13 12 11 10 9 7 6 4 3 2 1 -1 255
0 31 30 29 26 25 24 22 21 20 18 17 16 15 14 12 10 9 8 7 6 5 3 1 0 -1 251
0 31 30 29 27 26 24 23 22 20 19 18 17 14 13 12 11 10 9 6 5 4 3 2 1 -1 247
0 31 29 28 27 26 25 22 21 20 19 18 17 14 13 12 11 9 8 7 6 4 3 2 0 -1 243
0 31 30 29 27 26 25 23 22 20 19 18 17 15 14 13 11 10 9 6 5 4 2 1 0 -1 239
0 30 29 28 27 26 25 23 22 21 19 18 16 14 13 12 11 10 9 7 5 4 3 1 0 -1 235
0 30 29 28 27 25 24 23 22 20 19 18 17 14 13 12 10 9 8 7 6 5 3 1 0 -1 231
0 30 29 28 27 25 24 23 21 20 19 18 16 15 14 12 11 10 9 7 6 5 3 1 0 -1 227
0 31 30 28 26 25 24 22 21 20 19 18 17 15 14 13 10 9 8 7 6 4 3 1 0 -1 223
0 30 29 28 27 26 25 23 22 20 19 17 16 14 13 12 10 9 8 7 6 4 3 2 0 -1 219
0 31 29 28 27 26 24 22 21 20 19 18 17 15 13 12 11 10 8 7 6 4 3 1 0 -1 215
0 31 30 29 26 25 24 23 22 20 19 18 16 14 13 12 11 10 9 6 5 4 2 1 0 -1 211
0 31 29 28 27 26 25 22 21 20 19 18 16 15 13 12 11 10 9 6 5 4 3 1 0 -1 207
0 31 30 28 27 25 24 22 21 20 19 17 16 14 13 12 11 10 8 7 6 5 3 1 0 -1 203
0 31 29 28 27 26 25 23 21 20 19 18 17 15 13 12 11 9 8 6 5 4 3 2 1 -1 199
0 31 30 28 26 25 24 22 21 20 19 18 16 15 13 12 11 10 8 7 6 4 3 2 0 -1 195
0 31 30 28 27 26 25 22 21 20 19 18 16 15 14 12 11 9 8 7 5 4 3 1 0 -1 191
0 31 30 29 26 25 24 22 21 20 19 18 17 15 14 13 11 9 8 6 5 4 2 1 0 -1 187
0 31 30 28 26 25 24 23 22 20 18 17 16 15 14 12 11 9 8 7 6 5 3 2 0 -1 183
0 31 30 29 26 25 24 23 22 20 19 18 16 15 13 12 11 10 9 7 6 4 3 2 0 -1 179
0 31 29 28 27 26 25 23 21 20 19 18 17 15 13 12 11 10 9 7 5 4 3 2 0 -1 175
0 31 30 29 27 25 24 23 22 20 18 17 16 15 14 12 11 9 8 6 5 4 3 2 0 -1 171
0 30 29 28 27 26 25 23 22 20 19 17 16 14 13 12 11 10 9 7 5 4 3 1 0 -1 167
0 31 30 29 27 25 24 22 21 20 19 18 16 14 13 12 11 9 8 6 5 4 3 2 1 -1 163
0 30 29 28 26 25 24 23 22 21 19 17 16 14 13 12 11 10 8 7 6 4 3 2 1 -1 159
0 30 29 28 27 26 25 22 21 20 19 18 16 15 14 13 11 9 8 6 5 4 3 2 0 -1 155
0 31 30 28 26 25 24 23 21 20 19 17 16 15 14 12 10 9 8 6 5 4 3 2 1 -1 151
0 31 30 28 27 25 24 23 22 20 18 17 16 15 13 12 11 10 8 7 5 4 2 1 0 -1 147
0 30 29 28 27 26 24 23 21 20 19 18 16 15 13 12 11 9 8 7 6 5 3 2 1 -1 143
0 31 29 28 27 26 24 23 22 20 19 18 16 15 14 12 11 9 8 7 6 4 3 1 0 -1 139
0 30 29 28 26 25 24 23 22 21 18 17 16 15 13 12 11 10 8 7 5 4 3 2 0 -1 135
0 31 30 29 26 25 24 23 22 20 19 17 16 15 13 12 11 10 9 7 6 5 3 2 0 -1 131
0 31 30 28 27 26 25 23 21 20 19 18 17 15 13 12 10 9 8 6 5 4 3 1 0 -1 127
0 31 30 28 27 26 24 23 22 21 18 17 16 15 14 12 11 10 9 6 5 4 3 2 1 -1 123
0 31 30 29 27 26 25 23 22 20 18 17 16 15 13 12 11 10 8 7 6 5 3 2 0 -1 119
0 30 29 28 26 25 24 22 21 20 19 18 17 15 14 13 11 10 8 7 6 4 2 1 0 -1 115
0 30 29 28 26 25 24 23 22 20 18 17 16 15 13 12 10 9 8 6 5 4 3 1 0 -1 111
0 31 30 28 27 26 25 23 22 20 19 18 16 14 13 12 10 9 8 7 6 5 2 1 0 -1 107
0 30 29 28 27 26 24 22 21 20 18 17 16 14 13 12 10 9 8 7 5 4 2 1 0 -1 103
0 31 30 29 27 25 24 23 22 21 19 18 16 15 14 13 10 9 8 7 5 4 2 1 0 -1 99
0 31 30 29 27 26 24 23 21 20 19 17 16 15 14 12 11 10 9 7 6 5 2 1 0 -1 95
0 30 29 28 27 26 25 23 22 21 19 17 16 15 14 12 11 10 8 7 5 4 2 1 0 -1 91
0 31 29 28 27 26 24 23 22 20 19 18 16 15 14 13 11 10 8 6 5 4 3 2 1 -1 87
0 30 29 28 27 26 24 23 22 21 19 17 16 15 14 12 11 10 8 7 6 4 2 1 0 -1 83
0 31 29 28 27 25 24 23 21 20 19 18 17 14 13 12 11 10 9 7 6 4 3 2 0 -1 79
0 31 30 28 27 26 24 22 21 20 19 18 16 15 14 12 11 10 8 7 5 4 3 2 1 -1 75
0 31 30 29 27 26 24 23 22 20 19 17 16 14 13 12 11 9 8 7 6 5 2 1 0 -1 71
0 30 29 28 27 25 24 23 22 20 19 18 16 14 13 12 11 9 8 7 6 4 3 1 0 -1 67
0 31 29 28 27 25 24 23 22 20 18 17 16 15 13 12 11 9 8 7 5 4 3 1 0 -1 63
0 31 30 28 27 26 24 23 21 20 19 18 17 15 14 13 11 10 9 6 5 4 3 2 0 -1 59
0 31 30 28 27 26 24 23 22 20 19 17 16 15 14 13 11 10 9 6 5 4 2 1 0 -1 55
0 31 29 28 27 25 24 22 21 20 19 18 17 15 13 12 11 9 8 7 6 5 3 2 1 -1 51
0 31 30 29 26 25 24 23 22 21 19 17 16 14 13 12 11 9 8 7 5 4 3 1 0 -1 47
0 31 30 28 27 25 24 23 22 20 19 18 17 15 13 12 10 9 8 7 5 4 3 2 1 -1 43
0 31 30 29 27 26 24 23 21 20 18 17 16 14 13 12 11 10 9 7 6 4 3 2 1 -1 39
0 30 29 28 27 26 25 23 21 20 19 18 16 15 14 12 11 10 9 7 6 5 3 2 1 -1 35
0 31 30 28 27 26 25 23 22 20 19 17 16 14 13 12 11 10 9 7 6 5 3 2 0 -1 31
0 31 29 28 27 25 24 22 21 20 19 17 16 14 13 12 11 10 8 7 6 4 3 1 0 -1 27
0 31 30 28 26 25 24 23 21 20 18 17 16 15 14 12 11 10 9 7 6 4 2 1 0 -1 23
0 31 29 28 27 26 24 23 21 20 19 18 17 15 14 13 11 10 9 6 5 4 3 2 1 -1 19
0 31 29 28 26 25 24 22 21 20 19 18 16 15 14 13 11 9 8 7 6 4 3 2 1 -1 15
0 31 29 28 26 25 24 23 22 21 19 17 16 15 14 13 11 10 9 7 5 4 3 2 0 -1 11
0 31 30 28 26 25 24 22 21 20 19 18 17 15 14 13 11 10 8 7 5 4 3 2 0 -1 7
0 31 29 28 27 25 24 23 22 20 19 18 16 14 13 12 10 9 8 7 6 5 3 2 0 -1 3
-1
