32
256
0 30 29 26 25 23 21 18 16 14 12 11 9 6 5 3 0 -1 255
0 31 29 27 24 22 21 18 17 14 13 11 8 6 5 2 0 -1 254
0 31 29 26 24 22 21 19 16 15 13 11 8 7 4 3 1 -1 253
0 31 28 27 24 22 21 19 17 15 12 11 8 7 4 3 1 -1 252
0 30 28 27 24 22 20 19 17 15 12 11 8 7 4 3 1 -1 251
0 30 28 27 24 22 21 18 17 14 12 11 8 6 4 2 1 -1 250
0 31 28 27 25 22 21 18 17 15 13 11 9 6 5 2 0 -1 249
0 31 28 27 25 23 21 19 17 15 12 10 8 7 4 2 0 -1 248
0 30 29 26 24 22 20 18 17 15 12 11 8 7 5 3 1 -1 247
0 30 29 26 24 23 21 19 16 14 12 11 9 6 4 2 0 -1 246
0 30 29 27 24 22 20 19 16 14 13 10 9 7 4 3 0 -1 245
0 30 28 27 24 22 20 19 16 14 12 10 8 7 4 3 0 -1 244
0 31 28 26 25 22 20 18 16 15 13 10 9 7 4 2 1 -1 243
0 30 29 26 25 22 20 19 17 14 12 11 8 7 5 3 0 -1 242
0 31 29 26 25 23 20 18 17 15 13 10 8 7 4 3 0 -1 241
0 30 28 27 25 23 21 18 16 14 12 10 9 7 4 2 0 -1 240
0 31 29 27 24 22 20 19 17 14 13 11 9 6 4 3 0 -1 239
0 31 28 26 25 22 20 19 17 14 13 11 8 6 4 2 0 -1 238
0 30 29 27 25 23 21 18 17 14 13 11 9 6 4 2 0 -1 237
0 31 28 26 25 22 21 18 17 15 12 10 9 6 5 3 1 -1 236
0 30 28 27 24 22 20 18 16 15 13 10 9 6 4 3 0 -1 235
0 31 28 26 24 23 20 18 16 15 13 11 8 7 4 3 0 -1 234
0 31 29 27 24 22 20 18 16 14 12 10 9 6 5 3 1 -1 233
0 30 29 26 25 22 20 19 17 14 12 10 9 6 5 3 0 -1 232
0 31 28 26 24 23 21 18 16 14 12 10 9 7 5 2 0 -1 231
0 31 29 27 25 23 21 19 17 15 12 11 9 6 4 2 0 -1 230
0 30 29 26 24 23 21 18 16 14 13 11 9 6 4 2 0 -1 229
0 31 28 27 25 22 20 18 17 15 12 11 8 7 5 3 0 -1 228
0 30 28 26 25 22 20 18 16 14 12 10 9 7 5 3 1 -1 227
0 30 29 27 24 23 20 18 17 14 12 11 8 6 5 2 0 -1 226
0 30 28 27 25 23 20 19 16 14 13 10 8 6 4 3 0 -1 225
0 30 28 27 25 22 20 18 16 15 12 10 9 7 5 3 1 -1 224
0 30 28 27 25 23 21 18 17 14 12 11 9 6 4 3 0 -1 223
0 30 29 26 25 22 21 18 17 14 12 10 8 6 5 3 0 -1 222
0 31 29 26 24 22 21 18 16 14 13 11 9 7 4 3 0 -1 221
0 30 28 26 24 22 21 18 16 15 12 10 8 7 5 2 1 -1 220
0 31 29 26 24 23 20 19 16 15 13 10 8 7 4 2 1 -1 219
0 30 29 26 24 22 20 18 16 14 13 11 8 6 5 2 1 -1 218
0 31 29 27 25 22 21 19 16 15 13 11 9 6 5 2 0 -1 217
0 30 29 26 25 22 20 18 17 15 12 10 9 6 5 2 0 -1 216
0 31 29 26 24 23 20 18 16 15 13 11 8 7 5 2 1 -1 215
0 31 29 27 25 22 20 18 17 15 13 11 9 7 4 2 0 -1 214
0 31 29 26 24 23 21 18 16 14 13 11 9 7 5 3 0 -1 213
0 31 28 26 25 22 20 18 16 14 12 11 9 7 5 3 1 -1 212
0 30 28 27 24 22 21 19 16 14 12 10 9 7 5 2 0 -1 211
0 30 29 26 24 23 20 19 16 14 13 10 8 7 5 3 0 -1 210
0 30 28 26 24 23 20 18 17 15 13 10 9 7 5 2 0 -1 209
0 30 28 26 24 23 21 19 16 15 12 11 8 7 5 3 0 -1 208
0 30 28 26 24 23 21 18 16 14 12 10 9 6 4 2 1 -1 207
0 30 29 26 25 23 21 18 16 15 12 10 9 7 5 2 1 -1 206
0 31 29 26 24 22 21 19 17 14 13 11 9 7 4 3 0 -1 205
0 30 28 26 25 22 21 19 17 14 13 10 8 6 5 3 0 -1 204
0 31 29 26 25 23 21 19 16 14 12 11 8 7 5 2 0 -1 203
0 31 29 26 25 22 20 18 16 15 12 10 8 7 4 3 1 -1 202
0 31 29 27 25 23 20 18 17 14 13 11 9 6 4 2 1 -1 201
0 31 28 26 25 23 20 18 16 14 12 10 8 7 5 2 0 -1 200
0 30 29 27 25 22 20 19 16 15 12 11 9 7 5 2 0 -1 199
0 30 28 26 24 22 21 18 17 14 13 10 8 6 4 2 0 -1 198
0 31 29 26 24 23 20 19 16 15 12 10 8 6 5 2 0 -1 197
0 30 29 27 25 23 20 19 16 15 12 10 8 7 5 2 1 -1 196
0 31 29 26 25 23 21 19 17 14 13 11 9 7 4 3 1 -1 195
0 30 29 27 24 22 20 19 16 15 13 10 8 7 5 3 1 -1 194
0 30 29 27 25 22 21 19 16 14 12 11 9 6 4 3 0 -1 193
0 31 29 27 25 22 21 18 16 14 13 10 8 7 4 3 1 -1 192
0 31 29 27 24 23 20 18 17 14 13 11 8 7 4 3 0 -1 191
0 31 29 27 24 22 21 18 16 14 12 11 8 7 5 2 1 -1 190
0 30 29 26 24 23 21 18 16 15 13 10 9 6 4 2 0 -1 189
0 31 29 26 24 22 20 18 17 14 12 11 8 7 5 2 0 -1 188
0 30 29 27 24 22 21 19 17 15 13 10 8 6 4 2 0 -1 187
0 30 29 26 24 22 20 18 16 14 13 11 8 6 5 2 0 -1 186
0 30 28 27 25 22 20 19 17 14 12 11 9 7 4 3 0 -1 185
0 30 28 26 25 23 21 18 17 14 13 10 9 6 4 3 0 -1 184
0 30 28 27 25 22 20 19 17 14 12 11 9 6 4 2 1 -1 183
0 31 28 27 25 22 20 18 16 15 13 10 9 7 5 3 1 -1 182
0 31 29 27 25 22 20 19 16 15 12 10 9 6 5 3 1 -1 181
0 30 28 27 25 22 21 18 17 14 13 11 8 7 5 3 1 -1 180
0 30 28 26 25 23 20 19 16 15 13 11 9 6 4 3 1 -1 179
0 31 29 27 25 23 20 18 16 15 12 11 8 6 5 3 1 -1 178
0 31 28 26 24 22 20 19 16 14 13 11 8 7 5 2 0 -1 177
0 30 28 27 24 23 20 19 17 14 13 10 9 7 4 3 1 -1 176
0 31 28 26 24 23 20 19 17 15 13 11 9 7 5 2 1 -1 175
0 31 28 27 25 22 20 18 17 14 13 11 9 6 4 3 1 -1 174
0 30 28 26 25 22 20 19 16 15 13 10 9 7 5 2 0 -1 173
0 30 28 26 24 23 21 19 17 14 12 11 9 6 4 3 0 -1 172
0 30 29 26 24 23 20 18 17 15 12 10 9 6 4 3 1 -1 171
0 30 29 26 25 22 20 18 17 15 13 10 9 6 5 3 1 -1 170
0 31 28 26 24 22 21 19 16 14 13 11 9 7 4 2 0 -1 169
0 30 28 27 24 22 20 19 16 14 13 11 8 7 4 2 0 -1 168
0 31 28 26 25 22 20 18 16 15 13 11 9 7 4 3 1 -1 167
0 31 29 26 24 22 21 19 16 15 12 10 8 6 4 2 0 -1 166
0 31 29 26 25 23 20 19 17 14 12 10 9 7 4 2 0 -1 165
0 31 28 27 24 23 20 18 16 14 13 10 8 6 5 3 1 -1 164
0 30 29 27 24 23 20 18 16 14 13 11 9 6 5 3 1 -1 163
0 30 29 27 25 23 20 18 17 14 13 10 8 7 4 3 0 -1 162
0 31 29 27 25 23 20 18 16 15 13 10 9 6 4 3 1 -1 161
0 30 29 26 25 23 21 19 16 15 12 11 8 7 5 2 0 -1 160
0 31 28 27 25 23 20 18 16 15 12 10 9 7 5 3 0 -1 159
0 30 28 26 25 23 20 19 17 14 12 11 9 7 5 2 1 -1 158
0 30 28 26 24 22 21 19 17 15 12 10 8 7 4 3 1 -1 157
0 30 29 26 24 23 20 19 17 15 12 11 8 7 5 3 0 -1 156
0 31 29 26 25 23 21 18 17 15 13 10 8 6 5 3 0 -1 155
0 30 29 26 24 22 20 18 16 14 12 11 8 6 4 3 0 -1 154
0 31 28 27 24 22 21 18 16 15 13 11 8 6 5 2 1 -1 153
0 30 28 27 24 22 21 18 17 15 12 11 9 6 5 3 1 -1 152
0 31 28 27 25 23 20 18 16 14 12 10 8 6 4 2 0 -1 151
0 31 29 26 25 22 20 18 17 14 13 10 8 6 4 2 1 -1 150
0 31 28 26 24 22 21 18 16 14 13 11 8 6 4 3 1 -1 149
0 30 28 26 24 23 20 18 16 14 13 10 9 6 5 2 0 -1 148
0 31 29 27 25 22 21 18 17 15 12 10 8 7 4 3 1 -1 147
0 31 29 27 25 22 21 18 17 14 12 10 8 6 5 2 0 -1 146
0 30 28 26 25 22 20 19 17 15 12 11 8 7 4 3 1 -1 145
0 30 28 27 25 22 20 18 16 15 13 10 9 6 4 2 0 -1 144
0 30 29 27 24 22 20 18 16 14 12 10 8 6 4 3 1 -1 143
0 30 28 27 24 22 21 18 17 14 13 11 9 7 4 3 1 -1 142
0 31 29 27 24 22 21 19 17 14 12 10 9 6 4 3 0 -1 141
0 31 29 27 25 22 20 18 17 15 12 11 9 7 5 3 1 -1 140
0 30 29 27 24 22 21 18 16 14 12 10 8 6 5 3 1 -1 139
0 31 28 26 25 22 21 18 16 14 12 11 9 6 4 3 0 -1 138
0 30 29 27 24 23 20 18 17 14 13 11 9 6 4 2 1 -1 137
0 31 29 27 25 22 20 19 16 14 13 10 8 6 4 2 1 -1 136
0 30 29 26 24 23 21 19 16 14 13 11 9 7 4 2 0 -1 135
0 31 29 27 24 23 20 18 17 14 12 11 8 7 4 3 0 -1 134
0 31 29 26 25 23 20 18 17 14 13 11 9 7 4 3 0 -1 133
0 31 28 26 24 23 20 18 16 15 12 10 9 6 5 2 0 -1 132
0 31 29 27 24 23 21 18 17 14 13 10 8 6 5 3 0 -1 131
0 31 28 27 25 22 21 18 17 14 12 10 8 7 5 3 0 -1 130
0 30 29 27 25 22 20 19 16 15 13 11 8 7 4 3 0 -1 129
0 31 29 27 25 22 21 19 16 14 12 11 9 6 4 3 0 -1 128
0 30 28 27 25 23 21 19 17 15 13 10 8 7 4 3 1 -1 127
0 31 28 26 25 23 21 18 17 15 12 10 8 7 5 2 1 -1 125
0 31 28 27 24 22 20 18 17 15 12 11 8 6 4 3 0 -1 123
0 30 29 26 25 23 21 19 16 14 13 11 8 7 5 2 1 -1 121
0 30 29 26 25 22 20 18 16 14 12 10 9 6 4 3 1 -1 119
0 30 29 27 24 22 21 18 16 15 12 11 9 6 4 3 0 -1 117
0 30 29 26 24 23 20 18 16 15 12 11 9 6 5 2 0 -1 115
0 30 28 27 25 23 20 18 17 15 12 10 8 6 4 2 1 -1 113
0 31 29 26 24 23 20 18 16 14 13 10 9 6 5 2 0 -1 111
0 31 28 27 25 22 20 18 16 15 12 10 8 7 4 3 0 -1 109
0 30 29 26 24 22 21 19 17 15 12 10 9 6 4 2 0 -1 107
0 31 29 27 25 23 21 18 17 15 12 10 8 6 5 3 1 -1 105
0 30 28 26 25 22 20 19 17 14 13 11 8 6 4 3 1 -1 103
0 30 28 27 25 23 20 18 16 14 12 11 8 6 4 2 0 -1 101
0 30 28 26 25 23 20 18 17 15 12 11 8 6 4 2 0 -1 99
0 30 28 26 25 23 21 18 16 14 12 11 8 6 4 3 0 -1 97
0 31 29 26 25 23 21 18 17 14 13 10 8 6 5 2 0 -1 95
0 30 28 26 25 23 20 18 17 14 13 11 9 6 5 3 1 -1 93
0 30 29 27 25 22 21 18 16 15 12 10 8 7 5 2 1 -1 91
0 31 29 26 25 22 20 18 16 15 13 10 9 6 5 2 0 -1 89
0 30 29 27 25 22 20 19 17 14 12 11 9 6 4 2 1 -1 87
0 31 28 27 24 22 20 19 17 15 13 10 8 7 4 2 0 -1 85
0 31 28 26 24 22 20 18 16 14 13 11 8 7 4 2 0 -1 83
0 31 28 26 25 23 21 18 16 15 12 10 8 7 4 2 1 -1 81
0 30 28 27 25 23 20 18 17 15 12 10 8 7 5 3 0 -1 79
0 30 29 26 25 22 20 18 17 15 12 11 9 6 4 2 0 -1 77
0 30 28 27 25 22 20 19 17 15 13 10 8 6 5 2 0 -1 75
0 30 28 26 24 22 21 19 17 14 13 10 8 6 4 2 0 -1 73
0 31 29 27 24 22 20 19 17 14 12 11 9 7 4 2 1 -1 71
0 31 29 27 24 23 21 18 17 14 13 10 8 7 4 3 1 -1 69
0 31 29 27 24 22 21 18 17 14 12 11 9 6 4 2 1 -1 67
0 31 28 27 25 23 20 18 17 15 12 11 9 7 5 3 0 -1 65
0 30 29 27 25 23 21 19 16 14 13 10 8 7 4 2 1 -1 63
0 31 29 26 25 22 21 19 16 15 13 11 9 7 4 3 0 -1 61
0 30 28 26 24 22 20 19 16 15 13 10 9 7 5 2 1 -1 59
0 31 29 27 24 22 20 19 16 15 13 10 9 6 4 2 1 -1 57
0 30 28 27 25 23 20 18 16 15 12 10 9 7 5 3 0 -1 55
0 30 28 27 24 23 21 19 17 15 13 11 9 7 5 2 1 -1 53
0 31 29 27 24 23 21 18 16 14 13 10 8 6 4 2 1 -1 51
0 31 29 26 24 22 21 19 17 14 13 10 9 7 5 2 1 -1 49
0 30 29 26 25 23 20 19 16 15 13 11 9 7 5 2 1 -1 47
0 31 29 26 24 23 21 19 17 14 12 10 8 7 5 3 0 -1 45
0 30 28 26 25 22 21 18 17 15 12 11 8 6 4 2 1 -1 43
0 30 28 27 24 23 21 18 16 15 12 10 8 7 5 3 0 -1 41
0 31 28 27 25 23 21 18 16 14 12 10 8 7 4 2 1 -1 39
0 31 28 26 25 23 21 18 17 14 12 10 8 7 5 2 1 -1 37
0 31 28 26 25 23 20 19 16 15 13 11 9 7 4 3 1 -1 35
0 31 29 27 25 23 21 18 16 14 12 11 9 7 5 2 0 -1 33
0 30 28 26 25 23 21 19 16 15 12 11 8 6 5 3 0 -1 31
0 31 28 27 24 23 20 18 17 14 12 10 9 6 5 3 0 -1 29
0 31 28 27 25 22 20 19 16 14 13 10 9 7 5 3 0 -1 27
0 31 29 27 25 22 20 19 16 14 12 10 8 6 5 2 0 -1 25
0 31 29 26 25 23 20 18 17 15 13 10 9 7 5 3 0 -1 23
0 31 29 27 25 23 21 18 17 14 12 10 8 7 5 3 1 -1 21
0 30 29 27 24 23 20 19 17 15 12 10 9 6 4 2 1 -1 19
0 30 28 27 24 22 20 19 17 14 13 10 8 7 4 2 1 -1 17
0 30 28 26 25 23 21 19 16 14 12 11 9 7 4 3 1 -1 15
0 30 29 26 25 23 20 18 17 15 12 11 8 7 5 2 0 -1 13
0 30 29 27 24 23 21 18 16 14 12 10 9 6 5 3 1 -1 11
0 30 28 27 24 22 21 18 17 15 12 11 9 7 4 3 0 -1 9
0 30 28 27 24 23 20 19 16 14 12 11 8 7 4 3 0 -1 7
0 31 29 26 24 22 21 18 16 14 12 11 8 6 5 3 1 -1 5
0 30 29 27 25 22 21 18 16 15 12 10 8 7 4 3 0 -1 3
0 31 29 26 24 22 20 19 17 14 12 11 8 7 5 3 0 -1 1
-1
