64
256
0 62 60 58 56 54 52 50 48 46 44 42 40 38 37 34 32 31 28 26 24 22 21 18 16 14 12 11 9 7 4 3 0 -1 255
0 62 61 58 56 55 52 50 48 46 45 43 40 38 37 35 32 30 29 27 24 23 21 19 17 15 13 11 9 6 4 3 1 -1 254
0 62 60 58 56 55 53 50 49 46 44 42 40 39 37 35 32 31 29 26 25 22 20 19 16 15 13 11 9 6 5 2 1 -1 253
0 63 60 59 57 54 53 51 48 46 44 42 41 38 37 34 32 30 29 26 25 23 20 19 17 15 13 10 8 6 5 3 0 -1 252
0 62 61 59 56 54 52 50 48 47 45 42 40 38 37 35 33 31 28 27 24 23 20 18 16 14 13 10 9 7 5 3 0 -1 251
0 63 61 59 57 54 53 50 49 46 44 42 40 38 36 35 32 31 28 26 24 22 20 18 17 15 13 11 8 7 5 3 1 -1 250
0 63 61 58 57 55 52 50 49 46 45 42 41 39 37 35 33 31 28 26 25 22 20 18 17 14 12 10 8 7 4 2 0 -1 249
0 63 61 58 57 54 52 50 49 46 44 43 41 38 36 34 33 31 28 26 24 22 20 19 16 15 12 10 8 6 4 3 1 -1 248
0 62 60 59 56 55 52 50 49 46 45 42 41 38 36 34 32 30 29 26 24 23 21 19 17 14 13 10 8 6 4 3 0 -1 247
0 62 60 58 57 54 52 50 48 46 44 43 41 38 37 35 33 30 29 27 25 23 21 19 16 15 12 10 9 6 4 2 1 -1 246
0 63 61 58 56 54 52 51 49 47 45 42 40 38 37 35 32 30 29 26 25 23 20 18 16 15 12 11 8 6 4 2 0 -1 245
0 62 61 58 56 54 52 51 49 46 44 43 41 38 37 34 33 31 28 26 25 23 20 18 16 15 13 10 9 7 5 2 0 -1 244
0 62 61 59 56 54 52 50 48 47 45 43 41 38 37 35 33 31 28 27 24 23 20 18 16 14 13 10 8 7 5 3 1 -1 243
0 62 60 58 57 55 53 50 49 47 44 42 40 38 36 35 33 31 29 26 25 23 20 18 16 15 12 10 9 7 5 3 1 -1 242
0 62 61 59 57 54 53 51 48 47 44 43 40 39 37 34 32 31 29 27 25 23 21 18 16 14 13 11 9 7 4 3 1 -1 241
0 62 60 59 57 54 52 51 48 46 44 43 40 39 37 34 33 30 28 26 25 23 20 18 16 14 13 11 8 7 4 3 1 -1 240
0 63 61 58 57 54 52 51 48 46 44 43 41 38 36 35 33 31 29 26 24 23 21 19 17 14 13 11 8 7 4 2 1 -1 239
0 62 61 58 57 55 52 50 49 46 45 42 40 39 36 34 32 31 29 27 25 22 20 19 17 14 12 10 8 7 4 3 0 -1 238
0 62 61 58 56 54 53 50 49 46 45 42 40 39 36 35 32 31 29 26 25 22 21 18 17 15 13 11 8 7 5 2 1 -1 237
0 62 61 58 57 54 52 51 48 46 45 42 40 38 37 34 32 30 29 27 25 22 21 19 17 15 13 11 9 7 4 3 1 -1 236
0 62 60 59 57 55 53 50 48 47 44 43 40 38 37 34 33 30 28 27 25 23 20 18 17 15 12 10 9 7 4 3 0 -1 235
0 63 61 58 56 54 53 50 49 47 44 42 40 38 36 35 32 30 28 26 25 22 20 19 16 14 12 10 8 6 5 3 0 -1 234
0 63 60 58 56 55 52 51 49 46 44 42 40 38 37 35 33 31 28 27 25 22 20 18 16 14 13 10 9 7 4 2 0 -1 233
0 63 60 59 57 54 52 50 49 47 44 43 40 38 37 35 32 31 29 26 25 22 21 18 16 14 13 10 8 7 4 2 1 -1 232
0 62 60 58 57 54 53 50 48 47 44 42 41 38 37 35 33 31 29 26 25 22 21 18 16 14 13 10 9 7 4 3 1 -1 231
0 62 60 59 57 54 53 50 48 46 44 42 40 38 37 34 32 30 28 27 25 23 21 18 16 14 12 11 9 6 5 2 0 -1 230
0 63 61 58 56 55 52 51 49 46 45 42 40 39 37 35 32 31 28 26 24 23 21 18 16 15 12 10 8 6 4 2 0 -1 229
0 63 61 59 57 54 53 50 48 47 45 42 40 38 36 34 32 31 28 26 24 23 20 19 16 15 12 11 8 7 4 3 0 -1 228
0 62 60 58 57 54 52 50 49 46 45 43 41 39 36 35 33 31 29 27 24 22 21 19 16 15 13 11 9 7 5 3 1 -1 227
0 62 60 58 56 54 52 51 48 46 45 42 40 38 37 35 33 31 29 27 25 22 21 19 16 14 12 10 8 7 5 3 0 -1 226
0 62 60 58 57 54 53 50 49 46 44 42 41 39 36 35 33 30 29 27 25 22 21 19 17 14 13 10 8 6 5 3 0 -1 225
0 63 61 59 56 55 53 50 49 46 45 43 41 38 36 35 33 30 29 27 25 23 21 19 17 14 13 10 9 6 4 3 1 -1 224
0 63 61 58 56 54 53 50 48 47 44 43 40 39 37 34 33 31 28 26 24 23 20 18 17 15 12 10 8 6 5 2 0 -1 223
0 63 60 59 56 54 52 50 49 47 44 42 40 39 36 34 33 30 29 27 24 22 20 19 16 14 13 11 8 7 4 3 0 -1 222
0 62 61 59 57 55 52 51 49 46 45 43 40 38 37 34 32 30 29 26 25 23 21 19 17 14 13 10 9 6 5 3 1 -1 221
0 63 61 58 56 55 53 51 48 47 44 43 40 38 37 35 32 30 29 27 24 22 20 19 16 15 13 11 9 6 4 2 0 -1 220
0 63 60 59 56 55 53 51 48 46 45 42 40 38 36 34 33 31 29 26 24 22 21 18 17 14 12 11 8 7 4 2 1 -1 219
0 62 60 58 56 55 52 50 49 47 44 43 40 39 37 34 32 30 29 26 24 22 20 18 16 14 13 10 8 6 5 3 0 -1 218
0 63 60 58 57 54 53 50 48 47 45 42 41 38 36 34 32 30 28 27 25 23 20 19 16 14 13 10 8 6 4 3 0 -1 217
0 62 60 59 57 55 53 50 49 47 44 42 40 38 37 34 32 31 29 27 24 22 20 19 16 15 12 10 8 6 4 3 0 -1 216
0 62 61 59 57 54 52 51 48 47 45 42 41 39 37 35 33 31 28 26 24 22 20 18 16 15 13 10 8 7 4 3 1 -1 215
0 62 61 58 56 54 52 50 49 47 44 43 41 39 36 35 32 31 29 26 25 22 20 19 17 14 12 10 8 6 4 3 0 -1 214
0 62 60 58 57 55 52 50 49 46 44 43 41 39 36 35 33 30 29 27 25 22 20 19 17 14 13 11 9 6 5 3 0 -1 213
0 63 60 58 56 54 53 51 48 46 45 43 41 39 36 34 32 30 28 27 24 23 21 19 17 15 12 11 9 6 4 2 0 -1 212
0 63 61 59 57 55 53 51 48 47 45 42 40 38 36 34 32 31 29 27 24 22 20 19 16 14 12 11 8 7 5 2 1 -1 211
0 62 60 59 57 54 52 51 48 46 44 43 41 39 36 34 33 31 28 26 25 22 21 19 16 15 12 10 8 6 4 2 1 -1 210
0 63 61 59 57 55 52 50 48 46 44 42 41 38 37 34 33 30 29 26 24 23 20 19 16 14 13 10 8 7 4 3 0 -1 209
0 63 61 58 57 55 53 50 48 46 45 42 41 38 37 35 32 30 29 27 25 23 21 18 16 14 12 11 9 6 5 2 0 -1 208
0 63 61 59 56 55 52 50 49 46 45 42 41 38 36 34 32 31 29 26 25 23 21 18 17 14 12 11 9 6 4 2 1 -1 207
0 62 61 59 57 55 52 50 49 47 45 43 40 39 37 34 33 30 29 26 24 23 21 18 16 14 13 11 8 6 4 2 0 -1 206
0 63 60 58 57 54 52 50 49 46 45 42 40 39 37 34 32 30 28 27 25 22 21 19 16 15 13 10 9 7 4 2 0 -1 205
0 63 61 59 56 54 52 51 49 46 45 42 41 38 37 35 32 31 29 26 24 23 21 18 16 14 13 10 8 6 5 3 1 -1 204
0 62 60 58 57 54 52 51 48 47 44 42 41 38 36 34 33 31 28 27 25 23 21 18 17 14 13 11 8 7 4 3 0 -1 203
0 62 61 58 57 55 52 51 48 47 44 43 40 39 37 35 33 30 28 27 24 22 21 18 17 14 12 11 8 7 4 2 0 -1 202
0 63 60 59 56 55 52 51 49 47 44 43 40 38 37 34 33 30 28 26 24 23 21 19 17 15 13 11 9 7 5 3 0 -1 201
0 62 60 59 56 55 53 51 49 47 45 43 41 38 36 34 33 31 29 27 25 23 21 19 16 14 12 10 8 7 4 2 1 -1 200
0 62 61 58 56 55 52 50 48 46 44 43 41 38 37 35 32 31 29 27 25 22 20 18 17 15 13 10 9 7 4 2 0 -1 199
0 62 61 58 56 54 52 51 49 46 45 42 41 39 36 34 33 31 28 27 24 22 20 18 16 15 12 11 9 7 4 2 0 -1 198
0 62 61 58 57 55 53 50 48 47 44 43 40 39 37 34 32 31 28 26 25 23 20 18 16 14 12 11 9 6 5 3 1 -1 197
0 63 60 58 56 54 52 50 48 47 44 42 41 39 36 35 33 30 29 26 24 22 21 18 16 15 12 11 9 6 4 2 0 -1 196
0 62 61 59 56 54 53 50 49 46 44 42 41 38 37 34 33 31 29 26 24 22 20 19 17 14 13 10 9 7 4 2 0 -1 195
0 63 61 58 57 55 52 50 49 47 44 42 41 39 36 34 33 30 28 27 24 23 21 19 16 15 12 11 8 6 5 3 1 -1 194
0 63 61 58 56 54 53 51 49 47 45 42 41 39 36 35 33 30 29 27 24 23 20 18 16 15 12 10 9 6 5 2 1 -1 193
0 63 61 58 57 55 52 51 48 47 44 42 40 39 36 34 33 31 28 27 24 22 21 19 16 14 13 11 8 6 5 2 0 -1 192
0 63 60 59 56 55 52 50 49 46 45 42 40 38 36 35 32 31 29 26 24 22 21 18 17 14 12 10 8 7 4 3 1 -1 191
0 63 60 59 56 55 52 51 48 46 44 42 40 39 36 34 33 31 28 26 24 22 20 18 17 15 12 10 8 6 5 3 0 -1 190
0 62 60 59 56 55 52 50 49 47 44 42 41 39 37 34 33 30 28 26 24 23 21 18 16 14 12 11 9 7 5 3 0 -1 189
0 62 60 58 56 55 53 50 48 47 44 42 40 38 37 34 33 31 28 27 25 22 20 18 17 15 12 10 9 7 5 2 1 -1 188
0 63 61 59 56 54 52 50 48 46 44 42 40 38 36 35 33 31 28 26 24 22 20 19 17 15 13 11 8 7 5 3 1 -1 187
0 63 61 59 56 55 52 50 48 46 45 42 41 39 36 35 32 30 28 26 24 23 21 19 16 14 12 10 8 7 5 3 0 -1 186
0 62 60 58 56 54 53 50 49 46 45 43 40 38 37 35 33 30 29 27 24 22 20 19 16 14 13 11 9 6 5 2 1 -1 185
0 62 60 59 56 55 52 51 49 46 44 43 40 39 36 34 32 30 28 26 24 23 20 18 17 14 13 10 8 6 4 2 0 -1 184
0 63 60 58 57 55 53 51 48 46 44 42 40 38 37 35 32 31 28 27 24 22 21 18 17 15 12 10 9 7 5 2 0 -1 183
0 62 61 58 56 54 53 50 49 46 44 43 40 39 36 35 33 31 29 27 25 22 21 18 17 15 12 11 9 6 5 2 1 -1 182
0 62 60 59 56 54 53 50 48 47 45 43 40 38 37 35 33 30 29 27 24 22 21 19 16 15 12 10 9 7 5 3 1 -1 181
0 62 60 58 56 55 52 51 49 47 45 43 40 39 37 34 32 30 29 27 25 22 21 18 17 15 12 10 8 6 4 3 1 -1 180
0 63 61 58 56 55 53 51 49 47 45 43 40 39 36 34 33 31 29 27 25 23 20 19 17 14 13 10 8 6 5 2 0 -1 179
0 62 61 59 57 55 53 51 48 46 45 42 40 38 36 34 32 30 28 27 25 23 21 18 16 15 13 11 9 6 4 2 0 -1 178
0 62 61 59 57 54 53 51 48 47 45 42 41 39 37 34 33 31 29 27 25 23 20 19 17 14 13 10 9 7 5 2 0 -1 177
0 63 61 58 56 55 52 51 48 47 44 42 41 39 37 35 32 30 28 26 25 23 20 18 17 15 12 10 8 7 4 3 1 -1 176
0 63 61 59 57 54 52 50 49 46 45 42 41 39 37 35 32 30 29 26 25 23 20 18 16 15 13 10 9 7 5 2 0 -1 175
0 62 60 59 56 54 53 51 49 47 45 42 40 38 36 34 33 31 28 27 24 23 21 18 17 15 12 10 8 7 4 2 0 -1 174
0 63 61 58 56 54 53 51 49 47 44 42 41 39 37 34 33 31 28 27 25 23 21 19 17 15 12 11 9 6 4 2 0 -1 173
0 62 61 58 57 54 52 50 49 47 44 43 40 39 37 34 32 30 29 27 24 23 21 19 17 14 12 11 9 6 4 2 0 -1 172
0 62 60 59 57 54 52 50 48 46 44 42 40 39 37 35 32 31 29 27 25 22 20 19 17 15 12 10 8 7 4 3 0 -1 171
0 63 60 58 57 54 53 50 48 46 44 43 40 38 37 35 32 31 29 26 25 23 21 18 17 14 13 10 8 7 4 3 1 -1 170
0 62 61 59 56 55 53 51 49 47 45 43 40 39 36 34 33 30 29 27 24 22 20 18 17 15 12 10 9 7 5 2 1 -1 169
0 62 61 58 57 55 53 50 49 47 45 43 40 39 37 35 33 30 29 26 25 23 21 18 17 14 13 11 8 7 4 3 0 -1 168
0 62 61 59 57 55 52 50 49 46 45 42 41 39 37 34 33 31 29 27 25 23 20 19 17 14 12 10 8 7 4 3 1 -1 167
0 63 61 59 56 54 53 51 48 46 45 43 41 39 37 35 33 31 29 26 24 23 21 19 16 15 13 10 8 7 5 2 1 -1 166
0 63 60 58 56 54 52 50 48 46 45 43 40 38 36 34 33 31 28 27 25 23 21 18 17 14 12 11 9 6 4 2 1 -1 165
0 63 60 58 57 54 53 50 48 47 45 42 40 39 37 34 33 31 28 26 25 22 20 19 16 14 13 10 8 7 4 2 0 -1 164
0 63 61 58 56 55 53 50 48 46 44 42 40 39 37 34 32 31 28 27 24 22 21 19 17 15 12 11 9 7 4 2 1 -1 163
0 63 61 59 56 55 52 51 48 47 44 43 40 39 36 35 32 30 28 27 24 23 21 18 17 14 13 11 9 7 4 2 0 -1 162
0 63 61 59 57 55 52 50 48 46 44 42 40 39 36 34 33 30 29 27 24 22 20 18 16 14 13 10 8 6 5 2 0 -1 161
0 62 60 59 56 54 52 51 49 46 45 42 40 38 36 34 32 30 29 26 24 22 21 19 16 15 13 11 8 7 4 3 0 -1 160
0 62 61 59 57 55 53 50 49 47 44 43 40 39 36 35 32 30 28 26 24 23 21 19 16 14 12 11 8 6 4 3 0 -1 159
0 63 60 59 56 54 53 50 49 47 44 42 40 38 37 35 32 31 28 27 24 22 21 18 17 14 13 11 9 7 5 2 1 -1 158
0 62 60 59 57 54 53 51 49 47 45 43 41 38 37 35 32 31 28 27 25 23 20 18 16 15 13 10 9 6 4 2 1 -1 157
0 62 61 59 57 54 53 51 49 46 44 43 41 39 36 34 33 30 29 27 25 22 21 18 16 14 13 11 8 6 5 2 1 -1 156
0 63 60 59 56 54 53 51 49 46 44 42 40 38 37 34 32 31 28 27 24 22 21 18 16 15 13 11 8 6 5 2 0 -1 155
0 62 61 58 56 55 52 51 49 46 44 43 40 39 36 34 33 30 28 26 25 22 21 18 17 15 12 11 9 7 5 2 1 -1 154
0 63 60 58 57 54 53 51 49 46 45 43 41 38 36 35 33 30 29 26 24 23 21 19 17 14 12 11 9 6 4 2 0 -1 153
0 63 61 59 57 54 52 50 48 46 44 43 40 39 36 35 32 30 28 26 25 22 21 18 17 14 13 10 9 6 4 3 0 -1 152
0 62 60 59 57 54 53 50 49 46 45 42 40 38 37 35 32 30 29 26 24 22 20 19 16 14 13 11 9 6 5 2 1 -1 151
0 63 60 59 57 54 52 50 49 47 44 43 40 38 37 34 33 31 29 27 25 22 20 19 17 14 12 11 8 6 4 3 1 -1 150
0 62 61 59 56 55 53 50 49 47 45 42 41 38 36 35 32 30 28 27 24 23 21 19 17 14 13 10 9 6 5 2 0 -1 149
0 62 60 58 57 55 53 51 48 47 44 43 40 38 36 35 33 31 28 26 24 23 20 19 16 14 12 10 8 7 4 3 0 -1 148
0 62 61 59 56 54 52 50 49 46 44 42 41 38 36 35 32 31 28 27 25 23 21 19 17 14 13 11 8 6 5 3 0 -1 147
0 63 60 58 56 54 52 51 49 47 45 42 40 39 36 34 32 30 28 26 24 23 20 18 17 15 12 11 8 7 5 3 0 -1 146
0 63 60 59 57 54 52 50 48 47 44 42 41 39 36 34 33 31 28 26 24 22 21 19 17 14 12 11 8 6 5 2 1 -1 145
0 63 60 58 57 55 52 51 49 47 45 42 40 38 36 35 32 30 29 27 25 23 20 18 17 14 12 11 8 6 5 3 0 -1 144
0 62 61 59 56 55 52 51 48 47 44 42 41 38 37 34 33 30 28 27 24 22 20 18 16 15 12 10 9 6 4 3 0 -1 143
0 62 60 58 57 55 52 50 49 46 45 43 40 38 36 34 33 31 29 27 25 22 20 18 17 15 12 11 9 6 4 2 1 -1 142
0 63 60 58 57 54 52 51 48 47 44 42 41 38 36 35 32 30 29 26 25 23 20 19 16 14 13 10 9 7 4 3 0 -1 141
0 62 60 58 56 54 53 51 49 46 45 42 41 39 36 35 32 30 29 26 25 22 20 19 16 15 13 10 8 7 5 2 1 -1 140
0 63 60 58 56 54 52 51 48 47 45 42 40 38 36 34 33 31 29 26 25 22 20 19 16 14 13 10 8 6 5 2 1 -1 139
0 62 60 58 56 55 52 50 49 46 44 42 40 38 37 34 32 30 29 26 25 22 21 18 17 14 12 10 9 6 5 3 0 -1 138
0 63 61 58 56 55 53 50 49 46 45 42 40 38 36 35 32 30 29 27 24 22 20 18 16 15 13 10 9 6 5 2 1 -1 137
0 63 61 59 56 55 53 50 48 46 45 42 40 39 36 34 32 31 28 27 25 23 20 18 17 15 13 11 9 6 4 2 1 -1 136
0 62 61 58 56 55 53 50 49 47 45 42 41 38 36 34 33 30 28 27 24 22 20 19 17 15 12 11 8 6 5 2 0 -1 135
0 62 61 58 57 55 52 51 48 46 44 43 40 38 36 34 33 30 29 26 25 23 20 19 17 14 13 11 9 7 5 2 0 -1 134
0 62 60 59 57 54 53 51 49 46 44 43 41 39 36 35 33 31 29 27 25 22 21 19 17 14 13 11 8 6 5 2 1 -1 133
0 62 61 59 57 54 52 51 48 47 45 43 40 39 36 35 32 30 28 26 25 23 21 19 16 14 13 11 8 6 4 2 1 -1 132
0 63 61 59 56 55 53 51 48 47 45 42 40 39 37 35 32 31 28 27 25 22 21 19 17 15 13 10 8 6 5 2 1 -1 131
0 63 60 59 57 55 53 50 49 46 45 42 41 39 37 35 32 31 28 26 24 22 20 18 17 15 12 10 8 6 4 2 0 -1 130
0 62 61 58 56 55 53 51 48 46 45 42 41 39 36 34 33 30 28 27 24 23 20 19 17 14 13 11 8 6 4 3 1 -1 129
0 63 60 59 57 55 52 51 48 46 44 43 41 38 36 34 32 31 28 26 25 23 20 18 16 15 13 11 8 7 5 3 0 -1 128
0 63 60 58 57 55 53 50 49 46 45 43 40 38 37 35 32 31 28 26 25 22 20 18 16 15 13 11 9 6 5 3 1 -1 127
0 63 61 58 57 54 52 50 48 47 44 42 41 38 36 34 33 30 28 27 24 22 20 18 16 15 13 10 8 6 4 2 1 -1 125
0 63 61 59 57 55 52 51 49 47 44 43 40 39 37 34 32 31 29 27 25 23 21 19 16 15 12 11 8 6 5 3 0 -1 123
0 62 60 58 57 54 53 50 48 47 45 42 41 38 37 35 32 31 28 26 24 23 21 19 16 14 12 11 9 7 5 2 0 -1 121
0 63 61 58 56 54 52 51 48 46 45 42 41 38 37 35 33 30 28 27 25 23 20 18 17 15 13 11 9 6 5 3 1 -1 119
0 62 61 58 57 55 52 51 49 47 44 42 41 39 36 34 33 30 29 26 24 23 21 19 16 14 12 10 9 7 5 2 1 -1 117
0 62 61 58 56 54 53 50 48 47 45 43 40 38 36 34 33 30 29 27 24 23 20 18 16 14 13 10 9 7 5 2 1 -1 115
0 63 60 58 57 54 53 50 48 46 44 43 40 39 36 35 32 31 28 27 25 22 20 18 17 15 12 10 9 7 4 3 1 -1 113
0 62 61 59 56 54 53 50 48 46 45 43 41 38 37 35 32 31 28 26 24 23 20 19 16 14 12 10 9 6 5 2 1 -1 111
0 62 61 58 56 54 53 51 49 47 45 43 41 39 36 35 32 31 29 27 25 22 20 18 16 14 13 10 8 7 4 3 1 -1 109
0 63 61 59 56 54 52 51 48 47 45 43 40 39 37 34 32 31 29 27 24 22 20 18 16 14 13 11 8 6 4 2 1 -1 107
0 62 61 58 57 55 53 51 49 47 44 42 41 38 36 35 33 30 29 27 24 22 20 19 16 14 12 11 9 7 4 3 1 -1 105
0 62 61 58 57 54 52 51 48 47 44 43 40 38 37 34 33 31 29 27 25 22 20 18 16 15 12 11 8 7 4 3 0 -1 103
0 62 61 59 57 55 52 51 48 47 44 42 41 38 36 34 32 31 29 27 24 22 21 19 16 15 12 11 8 7 4 3 0 -1 101
0 62 61 59 56 55 52 50 48 47 44 43 41 39 36 35 32 31 29 27 24 23 20 18 17 14 13 10 9 6 4 2 1 -1 99
0 62 61 59 56 55 52 50 49 47 44 43 41 39 37 35 32 30 29 26 25 22 21 18 17 14 13 11 9 7 4 3 1 -1 97
0 63 60 58 57 55 53 50 49 46 45 42 40 39 37 34 32 31 29 26 24 23 21 18 17 14 13 11 9 6 4 2 0 -1 95
0 63 60 59 56 55 52 51 49 47 45 43 41 38 36 34 33 31 29 26 25 23 20 18 17 15 13 11 8 7 5 2 1 -1 93
0 62 60 59 56 54 52 50 49 46 44 43 41 39 37 35 33 30 29 26 24 22 20 18 17 14 13 11 8 6 4 3 0 -1 91
0 62 61 59 56 54 53 50 49 46 44 43 40 38 37 35 32 31 29 26 24 23 21 19 17 14 13 10 9 7 4 2 0 -1 89
0 63 60 59 57 54 52 51 48 46 44 43 40 38 37 35 32 31 29 26 24 23 21 19 16 15 12 10 8 6 4 3 0 -1 87
0 63 61 58 57 54 52 51 49 46 45 42 41 38 36 34 32 30 28 26 25 23 21 18 17 15 12 10 8 6 4 2 1 -1 85
0 62 61 58 56 55 52 51 48 46 44 43 41 39 37 34 32 30 28 26 24 23 20 19 17 15 13 10 8 6 4 2 1 -1 83
0 63 60 59 56 54 53 50 48 46 45 43 41 39 37 35 33 31 28 27 24 22 21 19 17 15 13 10 9 6 5 2 0 -1 81
0 63 61 59 56 55 52 50 49 47 44 43 40 39 36 34 33 30 28 27 24 23 20 18 16 15 13 11 8 7 5 3 0 -1 79
0 62 60 58 57 54 52 50 49 46 45 42 40 39 36 34 33 30 28 27 25 23 20 19 17 15 13 11 9 6 5 2 1 -1 77
0 63 60 58 56 54 53 50 49 47 44 43 41 38 37 35 33 30 28 26 24 22 20 18 16 15 12 11 9 7 4 2 0 -1 75
0 62 60 58 56 54 53 51 48 47 44 42 40 38 36 34 32 31 28 27 25 22 21 18 16 15 13 11 8 6 4 3 0 -1 73
0 62 60 58 57 54 53 51 48 46 45 42 40 38 37 35 32 30 28 27 25 23 20 18 17 15 12 10 9 7 5 2 0 -1 71
0 63 61 59 57 54 53 50 49 47 45 42 41 39 37 34 32 30 29 26 25 23 20 19 17 14 13 10 8 6 4 2 1 -1 69
0 62 61 59 56 55 53 51 49 46 45 42 40 38 36 34 33 30 28 27 25 22 20 19 17 14 12 11 9 7 4 2 1 -1 67
0 63 60 58 57 54 53 50 48 47 45 42 41 39 36 34 33 30 29 27 24 22 21 18 16 14 12 10 8 6 5 3 0 -1 65
0 62 60 59 56 55 52 50 48 46 45 43 41 38 37 35 32 30 29 27 25 22 21 19 16 15 13 10 9 7 4 3 1 -1 63
0 62 60 59 57 55 53 50 48 46 45 42 40 39 36 35 32 30 29 27 24 22 21 19 17 14 13 11 8 6 4 2 0 -1 61
0 63 61 58 57 54 53 51 49 46 44 42 40 38 36 35 33 31 28 26 25 22 21 18 16 14 12 11 8 6 4 3 0 -1 59
0 62 60 59 57 54 53 50 48 46 45 42 40 38 36 35 32 30 28 27 24 22 20 19 16 15 12 10 9 6 4 3 1 -1 57
0 62 61 59 56 55 53 51 48 46 44 42 41 38 36 35 32 31 29 27 24 23 21 19 16 15 13 11 8 6 5 2 0 -1 55
0 62 61 59 57 55 53 50 49 47 44 42 41 39 37 34 32 31 29 27 24 23 21 18 17 14 13 10 8 6 5 3 1 -1 53
0 62 60 59 56 55 52 50 48 47 45 43 40 39 36 35 32 31 29 26 25 22 21 18 17 14 13 11 8 6 4 2 0 -1 51
0 62 61 59 56 54 52 51 48 47 44 42 41 38 37 34 32 31 28 26 25 23 21 18 17 14 12 10 8 7 5 2 1 -1 49
0 63 61 59 56 55 53 50 49 47 45 42 40 38 37 35 33 30 29 27 25 23 21 18 16 14 13 11 9 7 5 2 0 -1 47
0 62 60 58 57 54 52 51 49 47 44 42 41 38 37 34 33 31 28 26 25 22 21 19 16 15 12 11 8 6 4 3 1 -1 45
0 63 61 59 57 54 52 51 48 47 44 42 40 38 36 35 32 30 29 27 24 22 20 18 17 14 13 11 8 7 4 2 0 -1 43
0 63 61 58 56 54 52 50 49 46 45 43 40 39 36 34 32 31 29 26 25 23 21 18 17 15 12 10 8 7 4 3 0 -1 41
0 62 60 59 56 54 53 51 48 47 44 42 40 38 36 35 32 30 29 27 25 22 20 18 16 15 12 10 8 6 4 2 1 -1 39
0 63 61 59 56 55 53 51 49 47 45 42 40 39 36 35 32 30 28 26 25 22 21 18 17 15 13 10 9 6 5 2 1 -1 37
0 63 60 58 57 54 52 50 48 47 44 43 40 38 37 34 32 31 28 26 24 23 20 18 16 15 13 10 9 7 5 3 0 -1 35
0 62 61 58 57 54 52 50 49 47 44 42 41 38 36 34 32 30 28 26 25 23 20 18 17 15 13 11 9 7 4 2 1 -1 33
0 62 60 59 57 54 53 50 48 47 45 43 40 38 36 34 33 31 28 27 24 23 20 19 17 14 12 11 9 7 5 2 0 -1 31
0 63 61 58 57 55 53 51 48 47 44 43 40 38 37 35 32 31 28 26 24 22 20 18 16 15 13 11 8 7 4 3 0 -1 29
0 63 60 58 56 55 53 51 48 47 45 42 40 39 37 35 33 30 28 26 25 22 20 19 17 15 13 11 9 6 4 2 1 -1 27
0 63 61 58 56 54 52 50 49 47 45 43 40 39 36 34 33 31 28 27 25 22 21 19 17 14 13 11 8 7 4 3 1 -1 25
0 62 60 58 56 54 53 51 49 46 44 43 40 38 37 34 33 31 29 27 25 23 21 19 16 14 13 11 9 6 4 3 0 -1 23
0 63 61 58 56 54 52 50 49 47 44 42 41 39 37 34 33 31 29 27 25 23 20 19 16 14 13 10 8 7 5 2 0 -1 21
0 63 60 59 56 55 52 50 49 46 45 42 40 39 37 35 33 31 29 27 25 23 20 19 17 15 13 11 9 7 4 2 0 -1 19
0 62 60 59 56 55 52 51 49 47 45 42 40 38 37 35 32 31 29 26 25 23 21 19 17 15 13 10 9 6 5 3 1 -1 17
0 62 61 58 57 54 52 51 49 46 45 42 40 39 37 34 32 31 28 26 25 22 21 18 17 14 12 10 9 6 4 3 1 -1 15
0 63 60 58 57 55 52 50 49 47 45 43 40 38 37 34 32 31 28 26 24 22 21 19 17 14 12 10 8 7 4 3 1 -1 13
0 62 60 59 57 55 52 50 48 46 44 42 40 39 36 34 33 30 28 27 24 23 21 19 16 14 12 10 9 6 4 2 1 -1 11
0 62 60 58 57 54 52 50 48 47 44 43 41 39 37 34 33 31 29 26 25 22 21 18 17 14 12 11 8 7 5 3 0 -1 9
0 62 61 59 57 54 52 51 48 47 44 43 40 39 37 35 32 31 29 26 25 22 20 18 16 15 12 11 9 7 4 3 1 -1 7
0 63 60 58 56 55 53 51 48 46 45 42 40 39 37 34 32 30 29 26 25 23 20 18 16 14 12 11 8 6 4 3 0 -1 5
0 63 60 59 56 54 53 51 48 46 45 43 41 38 37 35 33 30 28 27 25 22 20 18 16 15 13 10 9 6 4 3 1 -1 3
0 62 61 59 56 55 53 50 48 46 44 42 41 39 36 35 32 30 28 26 24 23 21 18 16 15 13 11 8 7 5 2 0 -1 1
-1
